0.504885482 95.64001 126.89 -0.1282135 151.762
0.504822725 25.13101 147.124 -0.158016 179.4919
0.491043346 44.49097 164.437 0.09432443 110.0462
0.467697395 26.8104 52.35841 0.1569905 122.3017
0.495198817 27.575 105.577 0.1716129 134.9773
0.50475325 35.72601 192.622 0.06947663 156.4971
0.43551613 17.3071 56.2204 0.2152567 81.78073
0.503530091 19.50699 100.569 0.2037566 138.2293
0.504747579 117.065 418.368 -0.1101961 154.5031
0.521781205 21.4455 54.6805 0.3003733 151.968
0.502246603 42.85098 154.484 -0.1772452 151.6741
0.495123149 49.90201 211.896 -0.1040598 112.26
0.504739747 96.19669 34.1658 -0.211128 150.9627
0.498693974 24.8856 89.9644 0.2335901 158.016
0.309533773 23.239 120.784 0.293715 156.8158
0.272821129 23.4938 79.4898 0.2759677 103.0314
0.398944292 26.2567 56.6847 0.1312546 124.466
0.469201648 30.0655 46.2135 -0.1930502 125.051
0.485632741 25.06299 85.66699 -0.09466337 155.7198
0.504293338 48.513 123.108 -0.08313463 133.3623
0.494047912 34.44904 173.108 -0.1503671 129.8
0.504824371 80.48004 254.325 -0.2537919 128.2234
0.314607932 26.81903 143.28 -0.08605335 98.9691
0.504708253 43.45099 170.499 -0.192733 166.2559
0.479343227 22.399 117.327 -0.1449638 105.3825
0.491162494 38.11603 226.316 -0.1321103 158.4829
0.504740292 81.72198 274.1091 -0.1660775 130.2504
0.445667729 36.67502 158.965 -0.1675442 142.2257
0.503036424 71.22 305.207 0.1475275 166.8766
0.504709497 61.15698 152.705 -0.1594805 136.3232
0.35126151 23.85098 89.97498 0.4832289 128.9293
0.448102906 24.6041 61.81621 -0.2106462 132.6537
0.38812005 23.1689 55.4008 0.3033913 128.0037
0.504736963 40.82501 245.426 0.1786681 145.3294
0.502511079 28.15201 190.423 -0.1290593 113.0071
0.503101213 31.23801 136.287 0.2185728 164.314
0.488178045 31.19299 212.558 -0.1980584 161.0236
0.49238294 26.43402 252.468 -0.1685023 141.528
0.697085158 23.14001 16.23999 0.2634046 90.30076
0.503287256 75.961 247.705 0.08856772 159.9442
0.504848225 55.258 176.804 0.1983729 162.2129
0.504787775 36.58299 167.407 0.2358115 135.4992
0.504736611 113.01 151.25 -0.1293318 130.97
0.504736838 77.40399 254.822 -0.1439796 117.8109
0.504731177 79.62198 220.605 0.1512711 134.4939
0.29778645 22.5624 58.0155 -0.2412777 127.5834
0.478829667 31.2216 79.6825 -0.2369985 146.1122
0.504732222 46.423 298.898 0.2416353 169.5738
0.277954861 22.0125 54.2841 0.5252262 91.66582
0.304143496 24.63449 50.1217 0.07716985 117.2808
0.50441202 22.36499 176.582 0.1511939 110.9004
0.504716271 54.6208 70.53281 0.1267549 153.8164
0.504040852 41.35098 160.51 -0.1651002 154.4784
0.498596049 24.7632 35.4125 0.1364321 113.8503
0.468107966 32.383 265.168 -0.09552025 103.2813
0.504837552 22.99597 217.191 -0.1330328 133.0272
0.504710323 33.418 286.216 0.08807665 114.2238
0.504676058 68.633 295.404 -0.0841217 161.8668
0.504326794 0 111.013 -0.1745855 106.0032
0.502241562 59.91901 304.54 -0.1361154 123.9881
0.133502879 26.082 83.371 0.2716682 124.6995
0.504689332 77.0559 33.6459 0.2976705 148.098
0.340062229 53.95102 172.598 0.0494724 118.591
0.28742074 29.0747 97.3697 0.2257424 122.3951
0.31298493 147.2101 383.48 -0.1737808 175.5148
0.486570564 22.2132 71.18221 0.1784435 137.7569
0.504871525 90.58502 222.348 -0.09847272 123.9277
0.504741663 86.418 317.511 -0.1474493 146.4033
0.504142026 0 90.8497 0.1725344 123.7162
0.504725554 20.054 235.407 0.1430854 138.1772
0.401939477 28.5636 90.1256 0.2568516 115.1659
0.50465228 118.2673 146.7363 -0.1739209 161.4685
0.323437314 23.73801 166.904 0.1344885 106.9673
0.495612094 37.814 134.306 -0.06598639 151.8251
0.504683527 78.76199 286.431 -0.1138339 175.957
0.5046811 115.08 132.02 -0.1385601 148.9961
0.50467106 93.72198 447.612 0.1867545 159.1916
0.504639255 73.73999 89.79993 -0.1866836 147.6613
0.503765824 47.60699 207.161 0.1151214 114.276
0.484658576 35.78101 202.577 -0.1870316 103.2126
0.208838379 0 100.8705 0.3496948 141.3742
0.50495305 21.202 131.416 0.2273303 168.6949
0.331424296 22.951 101.962 -0.1854731 158.7713
0.331866455 29.4868 175.2179 0.130545 139.2401
0.333140924 27.34361 88.9836 0.09663521 122.2687
0.384928152 22.9834 94.14359 -0.1557464 101.3257
0.462289574 30.507 171.167 0.2179769 137.2872
0.497663587 16.13799 96.464 0.3553901 127.4131
0.38984997 55.87 179.01 0.2115452 149.463
0.462207122 27.23599 141.637 0.1847785 156.3296
0.50476826 0 100.0191 0.2236093 107.9588
0.504655758 22.29898 300.308 -0.2741153 88.58411
0.500959202 43.05501 116.272 0.1121814 124.3369
0.493360339 23.565 96.3023 0.1998779 134.9856
0.504919331 86.215 224.683 -0.2062712 164.0668
0.44201549 22.61269 66.84209 0.1038088 111.2245
0.496183894 26.2487 131.1066 0.09562969 135.3371
0.213919692 20.8102 68.7965 -0.378374 88.54292
0.502106797 21.69199 141.04 -0.08482192 84.14557
0.504624171 30.573 217.42 0.1104172 101.3806
0.504420531 34.328 156.951 -0.1254721 120.0357
0.496782331 52.198 235.237 0.1277186 123.4031
0.504471773 50.84503 190.3 0.1668865 139.8938
0.504584688 26.3167 130.8527 -0.1530294 155.154
0.504662191 41.76801 143.243 0.1231583 104.3937
0.504659374 138.49 309 0.07889357 131.3848
0.455810635 30.19849 65.3415 -0.2208349 158.4253
0.504651001 173.6799 377.99 -0.08122836 151.5285
0.424689074 18.3215 98.315 0.1145517 121.6645
0.389034287 20.3261 73.34511 0.1827721 119.621
0.504919734 95.52002 274.84 -0.1624004 174.4958
0.504649331 65.05197 197.636 -0.1767757 151.0259
0.462868081 31.707 169.404 0.2674352 118.1817
0.457059253 20.3727 154.5501 -0.197841 135.1147
0.468900655 31.686 145.211 0.1120179 114.5974
0.504646869 60.70099 105.127 -0.2048166 133.0217
0.281113361 29.18199 100.924 0.1032174 110.7631
0.504689548 98.92102 346.939 -0.1761781 168.9009
0.504649124 121.463 142.523 -0.1933788 156.7471
0.38524562 19.3769 56.2636 0.4267806 128.2069
0.50472098 36.04401 279.665 0.1284471 132.629
0.504872166 42.34702 146.395 -0.191331 149.7679
0.504999149 40.30499 179.917 0.05752111 106.6899
0.434735617 19.5933 109.3811 0.1020086 107.2062
0.412697329 20.77319 60.6932 0.2052861 154.3163
0.416105782 58.053 102.058 0.2266093 159.4992
0.305210525 38.39603 157.299 -0.1586543 140.8908
0.499397771 43.26099 212.2469 0.1618974 114.9462
0.504645402 34.9385 75.7478 -0.1321097 138.0179
0.501038795 26.71899 207.01 -0.130162 97.81552
0.265021071 24.15299 42.96099 -0.1523811 99.71343
0.398645115 27.1206 58.4466 -0.4352736 131.967
0.442225212 57.05701 170.859 -0.2023375 151.0066
0.344123731 28.126 85.367 -0.1409201 111.7794
0.504693413 58.8079 84.69189 -0.1777537 157.03
0.504644656 61.79498 231.372 -0.09461214 120.0357
0.487926068 24.5819 58.5688 -0.3408484 92.54749
0.504438118 39.1273 85.06729 0.149584 116.9375
0.504065653 40.82501 246.092 -0.1703087 132.2747
0.493261733 33.41595 186.524 -0.07012548 96.75258
0.449664044 27.9622 126.8542 -0.1518154 125.6828
0.375431089 23.9754 62.0246 0.1000608 123.491
0.416105782 57.31001 101.359 -0.2011034 161.7267
0.475727963 26.728 67.4795 -0.3241109 99.92218
0.499562093 21.364 111.981 0.3647133 139.6191
0.408723694 30.88501 134.727 0.1908626 97.9144
0.484642537 41.907 165.48 0.1908524 123.8508
0.449623684 24.3799 63.7068 0.3105311 93.09132
0.234478264 24.5203 43.8942 -0.1627115 99.42779
0.504643614 106.33 494.01 -0.1747763 168.7169
0.494662451 18.1181 59.0519 -0.1763994 101.3147
0.504643641 24.73898 264.392 0.1857229 138.1332
0.505099038 49.01703 91.92694 0.2943243 174.7375
0.459318303 145.6699 206.98 -0.1376804 151.8993
0.288991021 22.752 87.1076 -0.08774084 103.2319
0.504965369 31.52301 214.096 0.09683946 110.3731
0.504641556 154.6801 187.12 -0.1525103 163.5093
0.504644711 61.659 302.716 0.1462994 141.572
0.439747285 35.687 124.8 -0.1438013 120.0357
0.504784099 91.40302 362.993 -0.08032394 158.7164
0.421567295 23.3044 74.9465 -0.1375175 112.2738
0.503799126 41.12799 132.603 -0.1694089 122.5104
0.504446732 23.21101 124.305 0.1517929 107.5688
0.504641 33.511 103.598 0.1857458 130.9123
0.493008071 33.02699 96.87999 0.1462432 106.2065
0.504348752 17.077 163.391 0.1103135 49.15633
0.479277998 28.55701 152.732 -0.1205706 136.1309
0.504172152 22.61099 159.893 0.2993355 88.53742
0.504176567 83.168 284.804 -0.1022595 163.9103
0.43702772 35.43402 155.325 0.1389013 104.7095
0.504941674 55.155 130.041 0.06421012 107.3188
0.366429914 22.81799 103.614 -0.1647191 88.09796
0.499166081 19.849 128.433 0.1958791 88.05127
0.50417892 0 73.9603 0.3775039 96.25819
0.504338245 290.88 320.1799 -0.272824 178.19
0.49199166 25.0573 45.5743 0.3196665 125.062
0.461143522 29.69897 142.797 0.2748986 140.9924
0.498137522 80.55798 248.684 -0.3202559 155.0579
0.504191524 59.74002 182.387 0.1916291 168.9888
0.468378522 27.91699 163.623 0.1458351 114.6853
0.305150141 43.689 199.925 -0.165576 136.3918
0.544325221 16.3605 101.9421 0.3876407 30.99016
0.41572937 23.54001 154.087 -0.1725195 97.27718
0.504596198 43.03601 158.994 0.1174033 130.3932
0.437410456 22.83401 114.565 -0.06579001 135.9826
0.334472681 24.59801 32.93901 0.3359633 109.3898
0.61075027 20.9576 51.8426 0.332397 85.95834
0.504200076 132.9659 288.766 0.1794128 144.4092
0.50315692 73.685 243.764 0.2275934 162.7292
0.504448461 43.71002 196.415 0.07135507 97.0602
0.340790694 53.37201 173.826 -0.1029505 119.6182
0.504253605 126.79 394.15 -0.1620209 156.2966
0.456281518 28.94701 118.577 0.176302 150.9737
0.504608689 31.85899 129.878 -0.1872851 148.304
0.50278921 60.7525 141.8985 -0.1246763 133.2854
0.446878026 35.6679 157.1939 -0.08533619 163.6933
0.390563224 27.8928 91.6158 -0.1809575 113.3065
0.447498404 19.8099 119.0927 0.2237993 99.10643
0.338526258 21.49741 111.2884 0.1888635 95.99725
0.495344854 37.491 175.684 0.09270582 129.8192
0.504257554 35.99001 81.31601 0.1557509 97.30465
0.504304523 120.876 561.603 -0.1251233 159.7629
0.504313521 27.703 202.161 -0.2245901 123.5404
0.502047796 47.849 141.504 0.1485269 132.2032
0.373196234 21.1318 63.5098 -0.1957029 150.1579
0.504318402 143.011 265.205 -0.2243477 162.5287
0.448189237 33.06 183.95 -0.2243946 149.323
0.487416057 32.37997 119.423 0.22578 149.6745
0.504816523 22.61499 208.343 -0.1579822 84.08789
0.504646789 20.91705 138.235 -0.1245682 78.51499
0.440441421 22.52599 95.677 -0.1581592 125.463
0.504583666 45.3806 127.7656 -0.1446573 164.5228
0.341162595 38.114 237.931 0.2048848 136.8313
0.504237937 0 108.22 0.337867 92.94576
0.504831928 163.58 359.3 -0.1274987 147.4855
0.504203635 25.4269 73.99241 -0.09710398 130.6899
0.490565539 62.76495 244.119 0.1625208 116.8249
0.432815672 20.021 59.005 0.2738592 91.6878
0.504325641 111.09 209.72 -0.1467354 149.1499
0.221842775 29.4467 141.7047 0.1960648 118.1982
0.504688179 30.05002 108.79 -0.1843945 122.233
0.49995932 22.46399 137.575 0.2004287 113.2076
0.307883055 30.543 102.78 0.1951205 137.2296
0.504440614 42.01202 194.008 0.06725193 112.8203
0.464367086 22.06599 143.773 -0.1565397 126.9325
0.491803061 31.215 106.604 -0.2885173 99.7409
0.504439609 25.747 42.25 0.2012815 170.0188
0.503338816 20.65001 184.161 -0.140882 79.2401
0.504146473 18.7177 151.2708 -0.2666806 71.35729
0.487197071 23.84601 157.916 -0.2887105 96.43946
0.442469747 19.62099 116.425 -0.08754614 109.7057
0.505088551 29.85098 111.224 -0.1607573 142.4756
0.471194835 26.00699 186.492 0.2890923 91.31152
0.504706076 16.7061 83.0808 0.269525 112.2957
0.503292789 30.703 85.65799 0.2350225 154.8766
0.505122124 48.4308 156.2031 0.1716417 175.8801
0.504807285 45.72095 134.607 -0.1530456 106.0087
0.487124981 91.26501 308.078 0.0829146 160.1172
0.489746678 23.5173 70.84331 0.2335308 108.6207
0.504873289 64.59302 274.5031 -0.3078683 163.751
0.504373252 138.12 354.75 -0.1587615 172.4193
0.453925648 22.347 127.211 -0.201708 148.2518
0.286600089 24.017 62.338 0.2343215 112.0293
0.314536703 23.0125 120.3248 0.1810227 123.6942
0.504364322 28.814 118.21 0.3635217 142.3795
0.504648264 29.88901 245.002 -0.295818 91.61089
0.504854837 22.91202 254.589 0.1493719 96.34882
0.504015492 46.32201 141.449 -0.1334734 125.5839
0.276056009 19.7517 79.816 -0.1591447 124.1117
0.504672166 80.83099 192.01 0.227566 147.2438
0.345974812 24.42999 67.209 0.4169892 163.2181
0.446054648 22.27499 133.78 0.1969391 93.96201
0.351712957 26.3573 143.5983 0.0728158 130.5415
0.495066298 34.73141 88.53339 -0.1050228 131.7308
0.421812882 25.48869 91.0257 -0.1517355 152.509
0.438474749 18.4634 118.0566 -0.1949182 129.8631
0.502472474 90.21997 280.65 -0.1685806 154.4948
0.505011645 20.93298 172.323 0.132875 77.55367
0.503366253 42.372 154.842 0.1628384 146.8922
0.385720711 19.4506 91.14081 -0.4151193 131.2831
0.504521139 38.194 227.103 0.1900391 137.1499
0.502448451 60.29001 229.412 0.1214354 151.2511
0.241543921 42.58899 191.452 0.1047486 131.4617
0.503322909 28.12399 55.599 0.2310282 107.0332
0.444805239 19.1577 68.5072 0.2198259 80.16022
0.454711051 27.5483 96.52171 -0.1320866 129.8686
0.504647324 80.70599 302.606 -0.1242711 154.2037
0.437974908 79.2672 61.0602 0.437671 127.8196
0.504389152 91.65002 132.04 -0.1466525 141.4758
0.440039761 30.27798 232.686 -0.2407866 147.3042
0.339588452 25.3379 85.742 -0.1585735 110.667
0.501841811 24.612 111.89 0.2659447 125.0346
0.504881249 47.6331 60.0796 -0.1005002 146.5351
0.499442004 31.812 159.401 -0.2202227 156.6482
0.486703393 31.944 141.711 0.184563 128.9293
0.439496824 24.258 49.742 -0.1727067 99.7409
0.504725063 59.07498 283.153 -0.1587666 122.9306
0.441193666 26.2327 63.9977 0.2365282 98.91966
0.504421393 115.9301 338.9701 -0.1168824 156.239
0.502286504 58.11902 263.665 -0.09221048 159.5486
0.505120689 33.77899 264.645 -0.1660739 161.2708
0.48081521 24.718 137.032 0.2100956 127.2566
0.490978037 29.82479 55.5694 -0.2077228 123.1229
0.504670435 41.147 184.058 0.1558116 129.4209
0.505029412 112.15 306.98 -0.1587766 169.1453
0.398463656 41.561 197.184 -0.08092012 117.149
0.504682907 26.358 150.879 0.2535661 152.8084
0.384834372 17.888 87.36 0.4728813 149.3779
0.503584691 30.90401 41.067 -0.1821786 130.8272
0.438265228 17.8994 87.8584 0.1749845 133.0629
0.504448461 65.1097 34.2087 0.1393513 103.3912
0.250563896 19.8223 52.8472 0.3061185 92.70405
0.504623678 72.58197 116.6619 -0.276823 146.8592
0.504653507 23.87 51.02002 0.2594859 174.8061
0.463363829 40.08301 188.678 -0.1109405 104.0861
0.504776461 93.755 367.796 0.2471011 152.1712
0.479088101 18.9636 108.6379 0.3043806 121.2799
0.504961801 81.06396 333.949 0.07343028 155.9423
0.409296764 18.9327 48.6392 0.1949267 96.94209
0.405411883 38.77798 189.458 -0.1569655 119.9121
0.488015754 26.05402 169.746 0.1182413 129.7478
0.402898183 19.7381 50.0896 -0.398081 98.08743
0.503492717 71.78699 309.813 -0.1054737 165.3028
0.504716591 0 83.4737 0.2365662 164.0009
0.504450447 67.5228 45.8089 0.4876355 149.9602
0.504534072 18.7443 72.70909 -0.254326 131.0442
0.504783251 93.62 213.92 -0.1028491 122.0957
0.426374236 25.90199 128.459 0.1782957 132.0879
0.504605223 54.59801 143.204 0.07977331 125.6608
0.504838158 63.21008 206.87 -0.1634543 165.1408
0.504115936 22.4217 99.1468 -0.1859343 107.5386
0.504800734 31.89001 61.46405 0.2236847 166.7448
0.47279448 30.4533 135.0233 0.2317237 173.886
0.505743274 23.01001 21.23999 0.1409905 85.57656
0.50473119 16.53 126.487 0.1865905 116.0366
0.480539098 39.801 117.907 -0.1247965 155.2337
0.504677551 73.06799 223.58 -0.1920002 140.2783
0.277231894 34.6001 40.83008 0.09972262 109.1234
0.504506452 21.5081 104.6827 -0.2988458 179.9808
1 21.2416 43.1905 0.22739 128.9348
0.504671183 19.474 184.242 0.3054095 172.271
0.504461697 18.56998 243.577 -0.1881126 67.45983
0.454552231 23.4665 79.6507 0.1488367 132.8075
0.405717207 23.8942 67.4505 -0.1605599 118.5525
0.504645993 38.34702 222.194 0.3135913 175.1138
0.476489505 31.064 89.685 0.3029995 102.3694
0.503776101 124.7571 100.8871 0.3962725 157.0629
0.505139005 54.07996 122.37 -0.1910906 154.4536
0.070263051 23.9721 43.7253 -0.4147862 99.41405
0.502383239 74.38202 226.2921 0.1902063 147.1037
0.374449396 35.491 147.716 -0.2432828 143.393
0.504676348 157.53 351.2201 -0.1208844 148.1666
0.504036204 50.33401 191.497 0.1779408 150.7952
0.502478769 56.0935 142.0394 -0.1158574 133.7414
0.50454489 32.98999 68.69995 0.1965428 168.1346
0.504919074 34.582 235.289 -0.1351725 102.1332
0.529435415 23.6584 52.9624 0.1494898 108.9119
0.142268004 25.224 61.5145 -0.2754006 112.4578
0.504001586 43.69901 249.216 0.1263249 157.1673
0.481818467 18.2172 67.3755 0.393427 112.1941
0.491920784 25.3946 105.4556 0.2229088 122.417
0.503869397 53.90601 225.107 0.1011626 108.3873
0.504912616 0 131.755 -0.3619604 167.1266
0.240811939 31.46201 132.63 0.2350238 99.65026
0.504714463 37.289 186.44 -0.1654858 143.8132
0.410242295 29.323 77.34799 0.2710822 129.8384
0.418882723 49.25104 285.235 0.09797384 118.6267
0.488130304 38.14902 203.208 0.226424 100.3671
0.504661209 80.94501 239.815 0.1755499 145.2195
0.504571484 70.37698 217.694 0.08189907 113.3285
0.446665139 28.3838 94.7388 -0.06765299 132.4202
0.495234052 21.022 50.00801 0.3841737 159.9551
0.431353345 22.0868 61.88079 0.3905665 93.30831
0.481758968 18.1014 94.6445 -0.1106599 120.813
0.361459383 19.981 110.83 0.0961851 96.96956
0.504888595 48.328 256.35 0.0680061 161.6031
0.501830256 51.5 140.465 0.1044446 129.6654
0.505122466 19.09399 201.332 0.2196765 73.22224
0.504662082 28.90302 295.337 0.2292187 159.0268
0.398814593 29.276 90.737 -0.1178647 122.2412
0.397477037 26.05801 100.137 -0.2072647 140.5008
0.504494216 185.0801 196.77 -0.1485284 157.4282
0.504655095 64.03992 150.73 -0.155873 142.764
0.504450278 19.6961 71.7636 -0.250192 169.6095
0.381886898 35.144 150.941 0.1780764 142.9618
0.487838278 32.38599 150.766 0.2178471 104.1108
0.422511641 25.81299 105.268 0.1882166 141.2616
0.504663628 24.236 148.2664 -0.1631834 171.3976
0.504875081 20.46698 191.667 0.3238665 144.835
0.501567288 22.19501 148.728 -0.05148015 108.9888
0.416387354 35.22202 168.087 0.07930584 117.6791
0.504503347 108.59 108.2101 -0.134003 136.6308
0.504863093 70.61304 184.391 0.09686845 129.1243
0.49183014 19.637 62.725 0.1375962 101.9767
0.379600355 38.836 117.9735 -0.2079448 152.0558
0.502651016 21.7693 43.0215 0.2387209 103.8773
0.504621878 38.75897 249.034 0.09969938 108.6015
0.504503757 50.25098 413.3489 -0.157365 171.6667
0.503553655 66.30402 265.226 -0.08965967 167.6979
0.369310928 26.4996 90.6985 -0.1476548 123.5212
0.504568027 0 121.934 0.3337256 174.1579
0.504916123 94.25 393.731 -0.1495478 149.2323
0.500793703 19.87801 130.579 -0.2218353 110.7027
0.492197522 19.81801 104.365 0.2528267 91.77295
0.497057589 22.58101 176.42 0.105805 102.092
0.504507399 29.18599 140.571 0.2138548 135.642
0.45978908 37.23799 189.371 0.09934611 129.2781
0.504744979 48.06995 53.18994 0.215366 122.3236
0.472929963 20.61299 132.89 0.253779 144.3571
0.499477571 39.96899 182.478 -0.2158779 118.4399
0.080724859 27.3774 99.75719 -0.1164248 139.9075
0.504749309 80.5416 70.5706 0.1634886 156.1346
0.445353499 35.989 124.648 -0.1452862 112.9796
0.50467563 41.42499 274.182 -0.06895582 131.5248
0.504603684 23.75604 237.061 0.08230072 101.7267
0.50483351 44.52698 162.398 0.1141021 103.3912
0.32219121 22.7267 110.2117 0.1362923 131.3628
0.501099767 30.63101 100.026 -0.1326559 101.3367
0.504613755 45.078 219.968 0.2325137 174.9654
0.324346998 22.5056 85.3074 -0.1540047 117.6873
0.50427203 73.884 266.018 -0.1588029 147.5486
0.504603853 25.68698 242.249 0.2884598 160.0897
0.48658322 27.2695 76.50549 -0.2579913 107.8462
0.504513473 25.608 160.677 0.2925394 169.7414
0.504537222 37.159 122.767 -0.1908449 132.4037
0.504763156 96.16003 137.78 0.231539 161.9876
0.397273062 25.95898 141.889 0.1509935 129.1517
0.446052651 17.3243 92.64201 0.1636738 142.2696
0.487601615 18.966 94.67401 -0.2318327 129.9565
0.485152558 39.409 220.18 0.1559322 165.8714
0.50463934 40.65198 208.741 0.3841859 167.5084
0.483421775 30.1488 110.6988 0.1104772 132.3461
0.493657309 23.82599 220.181 0.3197513 86.04898
0.457246866 27.379 64.979 0.1816159 122.6587
0.260059072 21.9681 91.12251 -0.2253581 132.6784
0.504696903 41.28098 151.527 0.08836983 115.2593
0.50391794 54.87302 198.761 0.06801336 112.4578
0.504643279 93.96997 243.66 -0.1449594 160.5924
0.332601774 26.5272 80.3262 -0.3162843 115.3555
0.340982934 32.17999 134.703 -0.1887633 105.7423
0.455451517 26.75101 156.438 0.1966828 92.00366
0.465491651 24.6365 62.2296 0.2187814 101.1307
0.503918963 46.01196 131.958 0.03406757 114.1442
0.497714308 36.894 87.284 0.1116666 144.2087
0.290948902 22.19995 81.5 -0.2802184 90.61112
0.494912713 27.18399 79.884 -0.1583997 121.7633
0.504763067 54.51196 147.179 0.1869526 153.6791
0.425795196 20.40421 70.76381 -0.4000751 112.5017
0.50445815 28.3727 19.481 0.1466901 146.5489
0.498711241 23.6588 154.4808 0.3522609 104.0064
0.493867634 110.232 361.24 -0.1460854 165.4072
0.498371477 38.255 155.735 0.05407892 100.7269
0.423529159 19.43402 106.829 -0.1267627 129.0748
0.498959688 31.55 133.034 -0.0776749 125.7679
0.504933397 100.215 272.921 -0.1435292 170.005
0.504544276 297.05 330.4701 -0.2835666 177.7752
0.504694566 15.1235 171.3641 0.2678079 134.45
0.476275506 26.87801 118.64 -0.1138305 147.4745
0.49793926 39.827 147.577 -0.1645951 159.9139
0.504854857 90.41797 380.208 -0.1650796 162.1003
0.504240048 29.4015 237.4595 0.1785167 148.9769
0.502199224 28.5002 133.8276 0.1734003 145.5738
0.497389513 29.37101 129.047 0.147503 108.5878
0.498685665 31.41701 87.35301 0.1508285 108.8075
0.533053558 19.2789 46.3561 0.118885 113.1884
0.389582992 21.521 165.104 0.08695614 106.1653
0.416033239 22.3216 55.4159 -0.1612804 120.412
0.465802771 26.685 83.06099 0.2312856 89.80637
0.460540833 29.371 120.561 0.5296736 163.2868
0.504668614 92.5367 97.58171 0.1741215 172.3671
0.504681663 44.62099 166.06 0.2370244 142.959
0.501373601 33.966 119.981 -0.1598291 119.7583
0.504617673 75.86301 220.619 -0.219862 166.1845
0.504558279 125.894 157.987 0.1366556 173.5207
0.504561583 82.91003 191.78 -0.1016333 119.3216
0.504630874 31.31799 254.56 0.1805923 95.89838
0.47235093 33.77499 98.476 0.1674063 123.0982
0.5046038 93.18103 152.881 -0.1438333 137.2982
0.43384676 27.29602 172.5161 -0.1428935 136.3726
0.504729514 55.196 206.288 -0.181946 147.6201
0.344858339 19.4224 61.9192 0.1467846 110.4472
0.505054185 40.4605 106.0065 0.115239 153.3083
0.469370938 38.02402 162.441 -0.1523166 131.632
0.504141704 22.802 203.203 0.2072109 140.0201
0.402476894 50.56599 241.603 0.1549302 153.3577
0.497010186 25.9173 91.7593 0.2709138 91.29504
0.418478995 47.87799 286.565 -0.1657737 117.0117
0.34006362 35.96997 40.84998 -0.1405647 109.7029
0.410321206 19.0503 70.2976 0.2312699 104.553
0.472757475 43.6936 126.1794 -0.146048 126.3832
0.50459607 44.2207 112.2407 -0.2071469 142.6816
0.413497351 21.2971 127.3781 0.4576184 151.284
0.472889046 27.951 140.664 -0.1616472 96.58503
0.423260186 21.6154 94.6991 -0.1108827 155.4424
0.501963853 24.6832 72.0272 0.2760766 160.6693
0.500862765 22.1766 46.5848 -0.3041192 119.1733
0.402334993 50.02704 241.808 -0.1967187 155.599
0.504612847 60.75 164.86 0.1786966 135.5212
0.504517475 26.18799 120.576 0.4439946 179.7885
0.504579704 32.366 67.98299 0.2824563 112.672
0.488454433 20.46201 91.44499 0.3958357 151.2785
0.504677014 33.133 161.342 -0.1514469 98.44175
0.503829438 22.3976 119.8356 0.2928206 168.2197
0.487217741 24.052 164.439 0.2420034 143.9176
0.378974849 31.69099 117.92 0.1168894 123.296
0.920041882 18.7481 61.1895 -0.3836053 85.3431
0.504567205 0 101.3898 -0.255539 173.8091
0.504939578 52.00201 190.718 -0.1520691 158.4417
0.423083993 24.475 39.5072 -0.176098 134.9938
0.503813451 54.90192 230.012 0.1124727 108.2362
0.243246101 24.31879 71.4622 -0.3444115 121.4914
0.4940394 24.8155 84.96351 0.2453685 139.9707
0.504846777 45.30499 261.943 -0.2311574 155.3381
0.505027619 64.51801 188.444 0.07265563 133.3321
0.504689671 86.75299 308.861 -0.09522417 143.0497
0.504126124 51.71198 280.761 -0.1852275 152.6079
-0.533522046 17.853 14.931 0.1706039 63.52117
-1 16.81499 26.202 0.1487285 49.35408
-1 17.9476 34.3916 0.6074293 153.5747
-1 16.437 0.2080002 0.4028665 35.51385
-0.826576121 16.3522 31.4436 -0.2683164 30.86381
-1 18.20799 40.19299 0.5212566 124.6281
-1 16.103 33.821 0.2991907 141.3028
-1 19.4605 19.9087 0.3338585 104.2014
-1 17.79501 32.36301 0.536576 148.9384
-1 20.011 30.1346 0.1718116 120.2829
-0.819756962 17.638 31.446 0.2990982 65.17738
-1 19.7101 48.75809 0.3571495 90.11398
-1 10.377 24.863 0.1739198 112.5539
-1 19.2609 33.1139 0.3022174 75.60632
-1 16.5484 85.7265 0.4062679 36.90364
-0.909215419 17.0045 19.3535 0.1225966 62.57633
-1 16.3459 61.59891 0.1828385 30.39139
-1 19.684 38.19201 -0.3694614 81.8494
-1 16.694 3.572998 0.2011796 41.46578
-0.810007495 16.416 25.1058 -0.1722542 41.14443
-1 19.0096 53.7716 0.4328756 146.7356
-1 27.57899 28.44499 0.2959444 125.9052
-1 21.632 28.911 -0.3780733 87.63653
-1 14.0126 46.6335 -0.3176231 143.6896
-1 17.5135 52.6762 -0.2093726 56.78096
-1 15.9496 30.7876 0.2371969 118.3026
-1 70.0734 15.9625 0.1508054 154.3767
-0.6104025 16.552 47.255 0.4246935 38.34836
-0.891364785 16.3405 15.9462 0.3324792 32.06409
-1 17.34579 16.1516 0.2600801 140.8277
-0.254552087 16.4056 38.7808 0.2511904 32.78645
-1 19.6615 51.4478 0.2898756 110.5214
-1 16.4668 9.338303 0.5049026 135.8151
-1 19.72169 45.8312 0.1038377 106.2943
-1 16.5392 42.0842 0.3787301 134.3236
-1 16.942 38.0708 -0.331574 144.228
-1 19.1113 24.0497 0.1971382 72.57954
-1 20.3626 30.089 -0.1604707 91.49828
-1 16.944 58.91 -0.277317 46.27787
-1 16.5274 31.1534 0.4209346 127.4983
-1 18.05101 55.644 -0.146244 61.71939
-1 13.9045 43.7829 0.2708984 34.14603
-1 17.098 9.069595 0.2313382 83.18425
-1 18.7671 31.9048 0.1814989 101.6004
-1 15.3666 22.1006 0.3817167 102.5562
-1 80.0095 22.03851 0.1849896 133.2579
-1 18.10301 15.569 0.368 129.8741
-1 11.87901 43.135 0.3143309 83.36279
-1 21.1992 23.7652 0.1671899 35.64569
-1 18.27821 34.83321 -0.2309685 81.07484
-0.637052959 16.55289 25.4427 0.4611516 39.37835
-0.986468081 14.9479 26.28889 0.4506677 133.9803
-1 16.9898 12.1671 0.2977808 52.477
-1 40.7775 21.9806 0.385883 145.7606
-1 18.20601 26.911 0.1725939 88.20508
-1 17.02959 33.6861 -0.1807847 51.08171
-0.837610951 16.488 13.459 -0.1821447 40.84779
-1 17.7817 7.859497 0.5386493 168.6839
-1 20.80099 22.897 0.6207969 138.3447
-1 18.85601 18.58201 -0.09773731 70.2449
-1 20.83099 15.093 0.4501802 139.3802
-1 16.5896 40.164 0.2492292 39.19432
-0.624911511 16.423 25.695 0.530166 32.96223
-1 18.3362 23.0822 0.2856818 118.3108
-0.834853101 16.94701 32.66701 0.1711672 46.40696
-1 19.4542 21.6693 0.1339476 144.7416
-1 17.345 5.814003 0.5570006 151.696
-1 20.71001 19.839 -0.46091 102.4903
-1 19.5326 41.1086 0.223938 82.61021
-1 48.79279 39.8308 0.2945141 132.7004
-0.62938897 14.1681 21.37289 0.4129668 128.4266
-1 22.30499 43.472 -0.3400311 144.0247
-1 16.04259 12.3954 -0.4711073 8.157474
-1 20.7076 15.9146 0.3676494 127.1055
-1 19.6507 41.0966 -0.1251785 64.50996
-1 17.0239 37.9991 0.2954201 136.4166
-0.808632792 16.2149 33.3608 -0.3756452 25.02998
-0.793538397 18.6554 33.08839 0.1964661 71.57702
-0.360283849 16.72 20.929 -0.2901029 42.69902
-1 20.603 11.77501 0.2614615 90.92424
-0.61013171 16.886 28.206 -0.2360987 46.43717
-0.622925055 17.758 51.75101 -0.1421856 59.57977
-1 17.7322 -4.555206 0.6314185 142.6212
-1 16.9184 23.38 0.125795 82.71732
-1 19.4888 10.77579 0.1496958 74.40879
-1 21.4 32.26099 0.2806046 115.8581
-1 21.4731 54.0531 -0.3996676 74.44175
-0.969654856 19.326 26.61301 0.4600038 113.9959
-1 23.6396 23.2256 -0.1297056 96.65919
-1 18.84999 24.34999 -0.18739 97.54086
-0.315178214 16.4361 36.8564 0.3654848 35.50286
-1 16.646 43.836 -0.2041106 40.23255
-0.796341384 17.8147 52.96719 0.1401848 59.50011
-1 22.895 38.759 0.5813479 150.8006
-1 17.6262 22.2531 0.5556198 146.9252
-1 8.057999 36.47899 0.355673 124.4028
-1 121.2069 17.84589 0.285668 143.0909
-0.288697826 17.996 15.661 0.2958661 140.0696
-1 16.0868 9.873299 0.3546762 31.84711
-1 18.1992 59.63709 -0.2822619 85.17281
-0.187384149 16.9691 18.2778 0.1753369 53.90524
-1 31.25591 17.32671 -0.24591 111.675
-1 14.2051 22.5631 0.3276325 76.15839
-1 16.662 41.48801 0.383846 42.95445
-1 23.921 47.51499 -0.2680286 113.1279
-0.535738636 17.459 22.062 -0.189108 56.31403
-1 16.89201 35.8774 -0.1451539 45.93179
-1 12.64299 36.756 -0.07893489 79.4049
-1 16.9129 23.1699 0.1988836 46.07736
-1 17.4859 107.3864 -0.1426608 72.01648
-1 19.632 25.11299 -0.1322932 83.21172
-1 20.8385 32.4955 0.3120208 138.2678
-0.636902661 16.617 35.08701 0.1430156 47.61272
-0.853173258 17.007 10.332 -0.1330486 48.41749
-0.742130183 16.8071 32.4556 0.5182974 47.78851
-1 20.6958 57.2178 0.4222982 134.3044
-1 21.417 14.19399 0.1187193 111.9908
-1 21.8704 14.734 0.1744292 123.7382
-1 8.807701 33.1637 0.4623536 133.3541
-1 16.09801 48.55099 0.6287218 23.37652
-1 16.8223 16.965 0.2811366 110.7851
-0.120805044 17.2179 24.1261 0.08931935 45.44015
-1 20.8093 28.5335 0.4821053 126.3392
-1 7.755402 9.182503 0.1607809 145.2497
-1 26.464 52.83401 0.3919428 162.9737
-1 18.2705 51.1633 -0.2987731 87.17235
-1 16.0248 15.5968 -0.1424347 26.38956
-1 18.6811 11.5375 0.2658174 113.1829
-0.819473863 17.329 14.68501 0.2097229 64.08423
-1 17.33801 57.928 0.4333156 107.9313
-1 16.2154 28.9184 0.5319095 156.7004
-1 75.16041 23.2404 -0.4797024 34.04715
-1 17.25999 4.446999 0.4673907 128.0943
-1 18.245 21.688 -0.3201436 96.34058
-1 17.2865 15.8871 -0.5834227 171.035
-0.616589404 19.5654 14.0218 0.1833368 111.6805
-1 18.1155 38.2968 -0.2085503 106.5772
-0.975828497 16.8628 13.3363 0.2428983 47.22545
-1 82.3094 27.175 0.4243166 133.5052
-0.611682843 16.4777 27.5707 0.1959416 39.90845
-1 25.773 29.936 -0.1221477 114.5946
-1 22.336 29.59601 0.5024841 169.387
-1 16.2363 5.4002 -0.2346183 33.03365
-0.749689259 18.403 27.48299 0.2641657 67.33349
-0.917911788 16.8157 41.0223 0.29353 52.02655
-1 19.6753 18.3004 0.3207302 118.2696
-0.869783834 16.2035 36.7191 0.2441746 34.0444
-1 16.555 47.952 -0.4179417 40.54841
-1 25.22499 56.774 -0.1661502 137.864
-1 18.46901 11.418 0.3834623 92.12177
-1 16.6128 37.9987 0.2062213 42.89128
-1 101.4441 22.3731 0.4719404 143.6924
-1 17.9642 45.5541 0.1346832 61.56283
-1 0 70.4193 0.1754764 78.19913
-1 19.564 34.77901 0.5524999 152.9155
-1 18.6691 7.455299 0.4322546 139.2923
-0.483019301 17.6768 34.7231 -0.2569913 64.52094
-0.662202124 16.58299 26.77899 0.3472615 37.82101
-0.3613479 16.9271 25.9855 0.1072852 47.24743
-1 55.4281 11.9925 0.2404927 160.2106
-0.795037623 16.0431 29.01431 0.2904678 45.26436
-0.944043599 17.762 19.656 -0.1273738 69.5198
-1 15.35101 48.16 -0.2269138 98.55985
-1 16.767 29.332 0.3577612 98.91692
-1 11.03801 23.88101 0.2243643 115.7949
-1 17.0422 24.8512 -0.165447 54.4271
-1 14.993 16.17799 0.2306987 117.377
-0.869019362 18.711 34.041 -0.2757849 73.13435
-0.939715611 16.3945 32.1965 0.3490965 31.98169
-1 16.077 -0.2740021 0.4181718 96.3296
-0.675046137 17.677 20.312 -0.2022029 60.51087
-0.756774857 17.576 27.33701 0.1808062 56.6244
-1 16.376 23.116 0.3047528 36.04395
-1 15.7516 19.9125 0.3695172 17.66354
-1 15.659 42.54601 0.4408102 150.3749
-1 14.92001 5.873001 0.6076381 135.057
-1 16.9542 28.4232 0.1653196 49.09315
-1 20.37099 9.729996 0.3742887 135.3371
-1 18.0171 89.16949 -0.1859998 136.6528
-1 17.56999 47.866 0.1911493 56.47059
-1 20.788 51.809 0.5923293 139.3197
-0.806707123 19.3487 27.5809 0.1525127 112.0842
-1 9.002991 30.84499 -0.3791564 52.1062
-1 16.625 76.01199 -0.2776534 40.72694
-0.894933757 20.3954 21.1164 0.1494604 123.5541
-1 19.755 54.09 0.2982536 94.35752
-1 92.90001 25.26701 -0.1545219 138.8528
-1 17.4488 13.4378 -0.3385179 140.152
-1 12.0368 8.269897 0.2071009 132.423
-1 17.865 35.55 -0.1569774 60.02472
-1 19.062 40.673 -0.2600282 112.2875
-0.586937305 16.67401 27.655 0.2821757 41.42458
-0.951259067 18.1858 28.3798 -0.1503945 63.31517
-1 17.7817 16.1868 -0.3785493 102.0371
-1 16.54202 60.5 -0.2860273 36.607
-1 19.12 30.05899 0.115629 73.74685
-1 22.008 86.56802 0.3911465 161.5784
-1 108.0954 22.4914 0.2071452 33.04738
-0.702894182 17.30099 23.5152 -0.1328149 53.20211
-1 17.30991 5.920502 -0.1783827 56.10254
-1 16.1666 28.3216 -0.2876152 24.18128
-1 17.7692 11.2682 -0.3540334 58.93706
-1 16.161 10.897 0.4016443 22.71183
-1 16.10699 63.43799 0.21759 16.84505
-1 15.16602 104.359 0.2502066 28.6775
-1 17.141 34.37 0.3819362 161.0813
-1 16.636 36.24699 -0.08174556 39.8233
-0.496126661 16.757 18.68001 0.210024 42.80064
-1 24.84802 61.181 0.3051516 145.7908
-1 18.6326 19.5075 0.2149477 88.65003
-1 16.38701 43.98801 0.1016583 32.23438
-1 15.4221 21.8975 0.5789892 129.55
-0.817192409 17.3526 20.5446 -0.252633 55.78393
-1 18.0821 26.8495 0.2395171 110.1149
-0.368125222 16.785 14.7166 0.1192152 45.75875
-1 18.60201 59.93201 -0.126886 62.62852
-1 17.905 12.253 0.3313899 119.3518
-1 17.3626 31.8656 -0.1980419 106.3905
-1 16.148 32.96 0.5778212 28.50721
-1 18.16299 76.79102 -0.1680544 62.7686
-1 15.9267 38.75871 -0.3202807 17.61959
-0.841174698 19.349 25.196 0.4730794 156.8597
-0.453411036 17.48601 35.438 -0.2075522 60.54658
-1 21.144 31.858 -0.2069266 122.818
-1 21.61299 35.12 0.2806968 129.0199
-1 23.3742 25.55119 0.3167607 60.97231
-0.964187227 15.3205 6.989998 0.2432033 124.1831
-1 16.302 39.528 0.5451276 28.0705
-1 67.2347 14.9386 0.5795508 133.7853
-1 16.7915 39.6494 0.2733345 125.4191
-1 88.3289 39.8009 0.3072247 50.20554
-0.307944693 17.21199 20.349 -0.2824711 53.60036
-1 20.0494 16.5419 0.175559 113.8888
-1 18.0006 40.2757 0.5172697 155.3793
-0.728545007 17.1687 42.7426 0.1644289 51.51842
-1 20.14301 48.15802 0.3486851 104.6683
-1 17.179 37.477 0.5185791 52.11993
-1 22.16199 28.916 -0.1406486 112.7022
-1 77.3957 2.545403 0.5382478 152.1794
-1 12.5432 12.3319 0.276661 63.5404
-1 18.05701 25.11798 0.1428381 62.16434
-1 39.095 24.222 0.1212564 45.47585
-1 15.691 16.043 -0.4576188 45.63241
-1 17.3549 23.081 0.4594769 75.21904
-0.873782327 16.631 32.5699 0.2088316 146.7301
-1 17.77261 39.8933 0.2110207 59.60448
-0.937129107 18.7656 19.2356 0.6515959 157.1975
-1 17.2992 37.6375 0.2004168 133.7716
-0.581252852 16.21819 34.9285 0.3652438 24.70863
-1 18.25 91.73001 0.2085369 69.86588
-1 17.6743 19.985 -0.4654954 100.1144
-0.969046232 19.1888 22.5139 -0.3708769 148.3671
-1 15.978 12.296 0.3429326 99.88373
-1 74.8768 22.0971 0.2161927 51.8233
-1 17.58301 78.16901 0.1604002 56.94301
-1 20.04221 42.90791 -0.2342174 74.7686
-1 51.8376 31.7244 0.1443365 28.27375
-1 19.6694 47.07339 0.3214468 85.71664
-1 17.4846 27.6116 0.2147734 132.7141
-1 109.1312 20.8441 -0.2770596 41.99863
-1 6.643204 21.3337 0.1991909 56.21515
-1 2.787994 53.66299 0.2997298 131.3106
-1 1.167007 17.64101 0.1659409 56.90456
-1 9.170403 19.987 -0.2100859 119.6786
-0.918212168 14.9717 27.7567 0.4075305 134.9966
-0.866968929 17.942 37.8854 0.1553686 96.06042
-1 17.022 58.403 -0.2834222 48.20325