-1 1.122009 125.572 -0.1774967 54.75395
-0.633586335 0.9260101 38.688 -0.1932257 54.5507
-1 15.7924 14.013 0.1699497 57.92355
-1 4.215996 39.106 0.3487943 137.1801
-1 2.219009 49.56801 0.3635402 134.0325
-1 0.8127975 24.232 0.1714715 51.42504
-1 0.9030151 22.09399 0.1864292 71.20622
-1 0.8200073 42.67 0.4869577 94.33555
-1 1.7659 18.2667 0.374193 140.2179
-1 1.7164 16.5105 -0.3560612 96.47517
-0.924053748 0.9049988 15.42599 -0.2459899 46.75303
-1 4.487 37.113 0.2458976 77.78714
-1 3.789001 8.460007 0.1726531 116.7095
-0.945142849 1.104004 20.659 -0.2827422 55.59167
-1 10.42401 39.60101 0.2243978 106.9865
-1 0.2858047 26.6721 0.169039 115.6219
-1 1.1633 57.8244 0.3045251 131.8187
-1 0.2949982 40.535 -0.146556 35.37926
-0.311655805 0.4463005 35.6048 0.3476729 41.0428
-0.92812634 0.4463005 35.6048 0.3476729 41.0428
-1 14.39201 33.4955 -0.2600677 92.62165
-0.114994674 0.598999 36.16399 0.2050252 47.50561
-1 1.478989 17.17 0.3191817 121.4557
-1 1.466003 36.00299 -0.2147067 61.59304
-1 20.98801 27.59001 0.3881237 32.31128
-1 6.259003 31.19701 -0.1789528 69.66262
-1 0.798996 33.27499 -0.2566222 46.50584
-1 0.915802 33.3303 0.5422853 102.1991
-0.589478447 2.074402 27.6844 0.1611129 73.55733
-1 1.349998 24.299 0.2148097 97.39803
-1 8.707298 12.59209 0.215409 126.4079
-1 1.725296 8.101295 0.1994566 103.4022
-0.685180337 2.96701 37.444 0.1519064 71.80225
-1 1.167503 11.6592 0.3944814 150.7979
-0.386304445 1.578003 45.20599 -0.07779054 63.90021
-0.973044783 1.578003 45.20599 -0.07779054 63.90021
-1 13.33 3.5439 -0.7524385 154.3081
-0.627123024 0.8440018 19.33801 -0.278627 50.32364
-0.474541766 0.3592987 20.3241 -0.1769239 38.35935
-0.842699937 5.196991 21.11499 -0.1957356 148.7187
-1 3.377098 10.3524 0.3696066 158.3511
-1 0.8359032 29.4226 0.2924537 94.2037
-1 1.973007 36.97101 0.2874959 81.83292
-0.554596564 0.5750122 23.47801 0.1978331 44.1767
-1 0.9065018 28.4203 0.2304142 51.2108
-1 13.3609 26.8349 0.2346669 146.8922
-1 4.652298 19.0859 0.6524286 163.0231
-1 1.062012 48.13701 -0.1769647 57.87686
-0.020727082 5.291 35.897 0.5376304 148.4523
-1 5.291 35.897 0.5376304 148.4523
-0.366099458 2.247398 24.6572 0.2245367 66.85558
-1 0.5649948 14.763 0.2692586 51.07896
-1 1.866989 47.088 0.2019345 66.44083
-0.428109134 0.8809967 7.714005 0.1936867 60.24445
-0.981217869 0.8809967 7.714005 0.1936867 60.24445
-1 4.589005 18.619 0.4060413 107.7858
-0.672169712 1.178596 34.4486 0.08592777 57.35775
-1 6.447395 35.3897 -0.267877 108.7663
-1 3.102104 18.3029 0.1541688 149.9492
-0.847706839 2.822899 35.7618 0.1730573 100.5539
-0.684409662 1.969498 19.2986 0.3102702 69.05287
-1 0.0734024 32.8486 0.3356574 24.25269
-0.920732764 3.841202 20.4631 0.438397 137.529
-0.970008437 0.4408035 36.5364 0.4096344 45.2726
-0.699361917 1.005997 21.48599 0.1418709 50.9334
-1 0.5570068 89.51001 0.1938142 42.29801
-0.632728927 13.7334 20.0679 0.4493876 138.9462
-1 1.481102 10.9126 0.2502463 103.4022
-0.898133338 2.289001 77.961 0.307189 66.67429
-1 8.419998 14.43 0.235269 52.45777
-0.728764174 1.617401 43.1145 -0.1329622 71.90112
-0.966804444 2.973999 31.67099 0.234137 76.65003
-1 2.226601 33.1222 0.5836679 161.713
-1 0.3560028 33.864 -0.1904058 38.09567
-0.901256135 13.77361 19.32111 0.2035744 138.5425
-1 1.730003 41.609 -0.1743367 123.0872
-0.848668892 1.848 25.44 0.2795464 74.8922
-0.968386775 3.333 26.5147 0.2133732 138.4491
-1 4.001503 29.2208 -0.1680103 113.7157
-1 1.251999 37.0938 -0.1141325 58.14878
-0.420364365 2.427406 29.5871 0.2542799 72.25819
-1 4.493298 24.4647 0.2736724 159.1971
-1 2.186798 21.714 0.3411112 106.9316
-0.112922812 1.527008 36.05101 0.1641061 62.42252
-1 2.851501 11.0423 0.3577318 66.5919
-0.499979626 1.345001 97.29199 -0.1971768 58.62394
-0.99562712 1.345001 97.29199 -0.1971768 58.62394
-0.95940049 2.580307 14.68021 0.278623 45.82193
-0.235296078 14.6991 17.7129 0.2336116 142.3273
-0.976055328 14.6991 17.7129 0.2336116 142.3273
-0.604868395 2.597 34.41299 0.3296029 98.57359
-0.290921704 0.781601 29.7019 0.2652202 48.10437
-0.978686746 0.4085999 14.3505 0.1466624 44.43214
-0.963087877 1.456497 26.8148 0.1217135 53.28176
-1 2.185905 36.0259 -0.1966592 146.3539
-0.732983761 0.7179031 16.46851 0.3235551 109.4667
-0.393075554 0.8769989 13.72499 0.3050831 59.17327
-1 1.660599 35.4757 0.3465088 72.60151
-1 15.029 5.900299 -0.2062715 37.28267
-1 4.744598 35.6924 0.2988495 84.21973
-1 0.07559967 14.929 0.253611 23.03868
-1 2.865997 38.373 0.3208577 101.0401
-0.968308228 1.111099 31.0962 -0.2108478 75.33166
-0.589638961 0.7008972 36.338 -0.1588463 55.79492
-0.433000287 2.198303 22.2951 0.2220892 119.6677
-0.976002128 2.198303 22.2951 0.2220892 119.6677
-1 0.1110001 23.811 0.2185659 26.65873
-1 0.2556992 23.7587 0.2460173 57.75051
-0.000549625 1.489502 26.9259 -0.2693262 99.69146
-0.975835589 1.489502 26.9259 -0.2693262 99.69146
-1 0.1677933 14.43439 -0.3337021 30.36393
-1 9.364105 32.62251 0.1334375 56.62989
-0.986451401 2.073105 29.5806 0.2908303 149.1389
-1 7.938004 33.453 0.5945297 160.4138
-1 2.922997 22.70499 0.2818687 76.17761
-1 0.4848022 56.61369 0.3242054 40.8368
-0.022487092 1.945694 17.3791 0.4273784 115.0259
-0.619020551 1.945694 17.3791 0.4273784 115.0259
-1 2.610603 15.4335 0.3315411 112.5182
-1 13.1739 33.9971 -0.1953563 15.68048
-1 1.037704 29.4143 -0.2813447 54.97917
-0.883391305 3.552402 22.3713 0.1863564 103.7812
-1 4.102997 19.92799 -0.2793532 90.72099
-1 1.447998 62.86 0.09189051 59.57977
-1 3.098801 28.1837 0.2238303 148.4605
-1 1.543999 67.924 0.2123131 63.08995
-1 13.7423 26.6593 -0.1888491 96.16205
-1 2.744003 12.056 -0.2138152 74.4033
-1 0.4459991 36.41199 0.2555593 21.01717
-1 0.5261002 24.7109 0.3380085 123.5679
-1 6.146996 12.09 0.6988434 159.7629
-0.456773245 0.1860962 29.5247 -0.2483059 146.2412
-0.969566701 0.1860962 29.5247 -0.2483059 146.2412
-1 0.496994 51.19799 -0.3900531 43.39941
-0.38693233 0.8619995 12.8498 -0.1760782 52.18036
-1 1.572006 17.539 0.2509665 62.56809
-1 6.455498 18.0993 -0.3441195 122.5077
-0.327383312 0.1721992 41.1171 0.3837897 37.91714
-1 2.107998 40.1287 -0.3135265 105.8302
-0.035248183 1.799995 27.99599 -0.1849283 66.22934
-0.942034732 1.799995 27.99599 -0.1849283 66.22934
-1 1.659988 2.556 0.6113224 137.6443
-1 3.062599 37.0862 0.2973997 167.003
-0.937380826 0.3638 22.2701 -0.1551293 39.24926
-1 4.005997 33.0686 -0.3794772 98.75212
-1 4.760002 14.907 0.1441342 106.2092
-1 13.708 29.153 -0.3085132 141.9593
-0.494116675 10.84999 53.40099 0.4046371 147.9936
-1 10.84999 53.40099 0.4046371 147.9936
-0.890804 1.3134 26.0994 0.169837 58.87938
-0.35666388 4.863998 22.88599 0.2606367 99.56512
-0.937382105 4.863998 22.88599 0.2606367 99.56512
-0.429171499 1.608994 17.599 0.2653475 122.6038
-0.069189366 1.856003 77.21399 -0.119423 67.16869
-0.645321116 1.856003 77.21399 -0.119423 67.16869
-0.679745943 1.162003 38.36301 -0.2282552 56.33051
-1 1.121002 54.37999 -0.1677794 56.20142
-1 18.7828 14.9618 0.05651462 49.52438
-0.821943592 0.3169937 17.951 0.1998623 38.62577
-0.746295369 3.339401 25.41721 0.4553405 100.2161
-1 14.0686 13.3808 0.6178197 144.5109
-0.004617695 3.751701 17.9567 0.403382 95.82147
-0.87621969 3.751701 17.9567 0.403382 95.82147
-1 0.322998 -0.3889999 0.5719011 38.10391
-1 6.781601 9.005402 0.4568532 132.8624
-1 13.70999 44.44699 0.327912 123.3042
-1 6.069206 12.6368 -0.2653366 42.48753
-0.473517774 1.826996 29.772 0.1289423 66.08102
-1 1.263992 8.965988 0.5709623 156.3708
-0.262159951 2.686302 10.3393 0.3685327 108.9943
-0.968159746 2.686302 10.3393 0.3685327 108.9943
-0.387473788 1.951996 24.19599 -0.1483646 67.47356
-1 3.402985 49.64999 0.1670436 74.40879
-0.948853451 1.494003 63.17001 0.1765701 62.68071
-0.0409088 0.4161987 42.349 -0.1320421 39.44976
-1 0.4161987 42.349 -0.1320421 39.44976
-1 0.3940964 48.5703 -0.278223 32.54749
-1 0.2210083 33.32001 0.4509701 31.96796
-1 1.641006 22.376 0.3052042 62.31815
-0.303544021 14.615 35.6518 -0.1701377 37.57381
-1 14.615 35.6518 -0.1701377 37.57381
-0.911089685 1.063995 47.29599 -0.1646997 54.45457
-0.941401959 1.999001 12.429 0.3225923 93.6379
-0.746451773 5.576996 34.99298 0.4837298 149.9629
-0.567489228 0.2315063 20.6269 0.293069 36.19226
-1 1.173004 47.713 0.3566899 118.5772
-1 1.601799 32.2727 -0.323508 62.96086
-1 4.295303 14.831 0.1148659 49.92813
-1 13.71001 27.68501 -0.1118127 104.1602
-1 6.728905 25.5056 0.131306 156.9393
-0.262906062 1.639297 24.18819 0.2619198 127.7977
-1 8.248001 11.92 0.6535666 136.6171
-0.437315359 0.03099823 28.587 0.4073161 29.0071
-0.454542583 0.1501007 21.3738 -0.3893971 33.48409
-1 4.693199 2.501701 0.3837325 114.2431
-1 4.790897 18.7193 0.2764831 139.2538
-1 4.203003 41.69301 -0.2557961 138.9187
-1 5.286896 41.22949 -0.2178862 80.65186
-0.742973122 0.9007034 22.2276 -0.230372 52.54292
-0.461571759 0.04309845 18.406 0.4157424 131.7995
-1 0.04309845 18.406 0.4157424 131.7995
-0.925436029 0.6240997 20.84019 0.4149338 45.62417
-1 3.633995 48.2026 0.1899319 72.85146
-0.003190316 0.5289993 37.768 0.4297263 50.12589
-0.448544824 0.5289993 37.768 0.4297263 50.12589
-1 13.7097 20.3327 0.5423177 99.15587
-1 0.2290039 103.435 0.2764922 32.15473
-1 6.845299 41.3625 -0.197353 137.6498
-0.494115532 5.570007 62.702 0.2180853 89.02632
-1 5.570007 62.702 0.2180853 89.02632
-1 0.2369003 51.3153 0.1519786 36.53559
-1 6.300995 39.92 0.143554 112.9274
-1 0.1679993 71.59598 0.1583614 30.10849
-0.464048624 1.039406 36.28851 0.2700348 48.86518
-1 4.6325 17.3844 -0.4438574 88.79286
-1 2.573105 5.3582 -0.2172938 95.25567
-0.041305996 0.9549942 11.267 -0.2777101 51.67498
-0.70899068 0.9549942 11.267 -0.2777101 51.67498
-1 1.6334 9.916306 0.608628 152.4816
-1 17.68401 21.42401 0.2571694 52.57587
-1 3.171005 45.85201 0.3064828 74.10666
-1 0.7361984 1.780098 0.2819449 47.72259
-0.934853955 2.43 12.208 0.3280913 95.01122
-1 0.1200027 45.7291 -0.3131138 27.66949
-0.007237134 10.078 33.284 0.2064529 52.33966
-0.362767559 10.078 33.284 0.2064529 52.33966
-0.964007888 10.078 33.284 0.2064529 52.33966
-0.944898807 4.291397 19.1574 0.4354772 112.444
-1 4.829201 21.5299 0.2564029 85.64797
-1 2.028999 26.90399 -0.3162096 69.30556
-1 5.358002 75.07199 0.3153009 84.43122
-1 3.219696 12.6347 0.2387586 135.274
-1 2.740005 21.496 0.1118989 116.5942
-0.001483471 16.555 21.385 0.3887505 138.6578
-0.963747914 16.555 21.385 0.3887505 138.6578
-0.161136918 0.2313995 42.4209 -0.3655797 36.18677
-1 3.204597 19.1165 0.2220162 75.11192
-1 2.173195 18.7583 0.5621344 86.70267
-1 1.618103 27.275 0.2634476 88.0293
-1 0.6459961 34.481 0.2752088 114.5974
-1 5.524498 15.2468 -0.1968678 91.35271
-1 0.004798889 27.2184 0.3353443 8.79469
-1 1.326996 78.42801 0.1830974 69.8082
-1 0.4738998 36.5091 0.1711299 35.33532
-1 4.696594 19.97829 0.2501849 147.3728
-1 1.055 26.575 0.3091935 78.72648
-0.494965614 13.7095 10.608 0.244242 156.596
-1 13.7095 10.608 0.244242 156.596
-0.99832958 1.270996 13.91499 0.2175963 59.6759
-1 5.742004 31.992 -0.2247371 77.34768
-0.977009486 3.823799 14.3604 0.3053679 132.401
-1 0.413002 42.91 0.348423 143.6182
-0.633174642 2.042305 11.1518 0.2455915 132.629
-0.199569034 0.3929901 46.52699 -0.1056064 37.27443
-1 3.962296 60.562 0.2326753 123.9744
-0.631242097 13.69499 24.993 0.2107715 126.9847
-1 2.308498 32.5029 0.1284449 103.2181
-0.899173652 0.9659958 26.0164 0.2379727 56.61341
-1 3.321899 94.97169 -0.1851956 117.116
-0.299559305 0.1590118 20.261 0.1091466 31.04509
-1 6.729996 15.627 -0.09873936 119.2529
-1 1.639008 72.11401 -0.1431961 64.75441
-1 1.5 44.379 0.4513138 136.2188
-1 0.451004 69.57501 0.2108098 40.5182
-1 4.421402 19.9681 -0.1807558 92.9128
-0.974855716 0.4459 21.2945 -0.2762734 41.19936
-0.490234492 4.5891 24.8027 0.2572163 27.76287
-1 4.5891 24.8027 0.2572163 27.76287
-1 0.8712997 12.753 -0.2399999 54.20462
-0.736584762 2.415604 36.9326 -0.1996733 70.92882
-1 11.076 42.32401 -0.3312401 137.9135
-0.421892981 1.285995 33.564 0.4378487 56.63264
-1 0.1940002 98.19098 0.1049712 28.78187
-1 0.7309952 10.358 0.1329197 49.31014
-0.362889959 13.7102 16.1046 0.5181293 130.6349
-0.95997254 13.7102 16.1046 0.5181293 130.6349
-1 1.020996 38.455 0.2406037 138.5892
-0.17625555 1.366989 63.356 -0.1447284 57.51156
-1 1.366989 63.356 -0.1447284 57.51156
-1 5.410801 34.1917 -0.2967511 92.60792
-1 0.3880997 39.2994 0.1608094 38.22202
-1 4.084599 44.5092 0.2460212 85.42275
-0.509681472 1.204102 37.5797 -0.2006993 63.39483
-0.388309379 4.261597 38.2014 -0.1520362 105.3248
-0.96651278 4.261597 38.2014 -0.1520362 105.3248
-0.528978676 1.431999 10.165 0.2572216 133.0547
-1 0.9779968 78.57199 -0.08487952 52.25452
-1 5.541206 24.0918 0.3976976 131.1321
-1 2.199005 33.672 0.3367835 67.90204
-1 3.479698 14.4045 0.2270297 130.2367
-1 6.028015 45.12402 0.3002829 94.48386
-1 9.69899 14.05 0.4544103 117.2808
-0.7926789 0.0306015 22.0528 0.1033183 31.98169
-0.736604692 0.1643982 29.615 0.2497862 28.92744
-1 6.332901 35.3499 0.5274816 156.4752
-1 1.044998 9.539803 -0.1328799 54.74846
-0.046686259 0.2994003 43.26 0.3030672 36.15656
-1 0.2994003 43.26 0.3030672 36.15656
-1 1.080994 43.325 -0.2454817 57.21492
-0.229436749 0.3466949 16.3338 -0.1581333 40.22156
-1 4.229996 20.33299 0.2476262 79.49554
-1 9.294998 15.67 0.27208 121.4447
-1 5.241898 9.424599 0.2695638 108.8872
-1 0.5628967 76.8366 0.2865256 43.49554
-1 2.385998 124.6409 0.275713 104.7315
-1 3.284599 16.8428 0.2792775 116.1547
-0.916278276 2.038696 22.7162 0.4410315 102.6358
-0.954347911 0.756897 32.135 0.1083427 50.8922
-1 6.125603 47.0407 0.3213063 160.7379
-0.741211163 1.912994 9.46199 -0.2543505 142.7173
-1 6.183006 32.66401 0.2543995 110.4857
-1 13.7155 20.161 0.3895029 143.2749
-1 1.228027 69.862 0.1998024 55.4873
-1 15.9592 29.4112 -0.2144552 53.67178
-0.863111145 1.129005 38.37001 0.2210963 62.18082
-0.934842057 5.090004 6.386002 0.2386798 103.4928
-1 8.345703 27.5073 -0.1539475 99.82605
-1 1.870995 17.242 0.2000212 80.25636
-0.984907177 13.71 25.21999 0.1602411 125.9437
-0.2006088 0.008399963 47.2402 0.2840653 31.39666
-1 1.640297 35.2696 0.09774522 65.28176
-1 0.6756058 7.580002 -0.2317457 47.37926
-1 0.04400635 8.353302 -0.3271893 9.398947
-1 3.597 30.334 0.5073981 139.3033
-1 13.71021 21.8682 0.2868673 152.3937
-0.724190925 0.7410126 29.526 -0.09695791 48.10162
-0.655488324 2.245987 27.77899 -0.1848219 71.6704
-1 0.5739899 53.87999 -0.08642828 43.73449
-0.230977393 0.8679962 32.54401 -0.2470386 51.94141
-0.91329614 1.219597 19.4301 0.309594 53.18288
-1 2.912003 19.599 0.6675864 179.36
-1 1.198898 9.414703 0.5028846 136.2847
-0.777070927 1.398598 11.8044 -0.3434219 70.07187
-0.888903654 0.3264999 18.4355 -0.1486525 36.33783
-1 2.5774 0.5191956 -0.1114426 96.21698
-1 6.938004 35.093 0.4827971 162.6413
-1 2.109699 29.137 -0.2920541 110.8922
-1 6.561996 18.62999 -0.3849204 114.1057
-1 0.4606018 46.58871 0.2568047 31.36919
-1 0.5235977 30.1162 0.4084967 137.2351
-1 3.732704 22.4157 0.5568241 150.1744
-1 7.052601 22.3058 0.3991003 138.0673
-0.414067014 2.065994 26.31599 -0.3327866 67.49828
-1 3.438698 37.1574 0.2145701 90.07004
-1 14.89001 44.16901 0.3314646 96.84596
-0.742720226 4.802002 22.53 -0.1932987 131.2172
-1 1.279602 15.2079 0.1987615 57.16274
-1 0.9470978 45.838 -0.06402043 51.71618
-0.851466224 13.7456 33.2929 0.334625 121.9171
-0.817308695 0.6750031 29.271 0.3878011 46.40696
-1 8.849098 32.8993 0.6342314 139.8773
-1 1.995399 15.5243 -0.2319486 69.88235
-1 4.139999 10.093 0.2101111 130.385
-0.683057411 2.328003 29.3124 0.3373954 76.2298
-1 3.112 71.47101 0.1756747 137.117
-1 2.313301 20.8989 0.6810314 155.1403
-0.880876601 0.817894 34.4388 0.4667911 53.47128
-0.901941259 2.971001 18.408 0.405428 127.7702
-1 2.584694 4.196495 0.3570763 92.07782
-0.828350147 0.3888969 14.7486 -0.1340772 38.90318
-1 4.924988 29.37199 0.1665704 88.90273
-1 15.87109 24.00629 -0.5458611 66.16342
-1 0.5769958 58.36099 0.1754686 44.32776
-0.735903019 0.2319031 14.7877 -0.1952381 32.64637
-1 3.9119 34.7246 -0.07850657 107.371
-1 13.711 46.07201 0.4023128 145.8293
-1 5.197006 19.138 0.3256069 99.24101
-1 1.284801 30.9969 0.4391861 132.5686
-1 6.676994 9.720001 0.3256531 126.0838
-1 13.7101 35.7707 -0.2386513 150.6688
-0.688369884 4.129005 18.57201 0.296222 127.7565
-0.739107126 0.9049988 34.12599 -0.1767264 51.26574
-1 1.473099 31.8522 0.317555 88.40284
-1 0.04699707 20.907 0.2917944 29.41634
-0.913550215 1.4673 16.7366 -0.1663386 49.64523
-1 2.049 29.549 -0.3010883 100.8753
-1 12.4547 22.5278 0.4576395 128.2014
-1 3.160099 47.7369 0.432331 134.5654
-1 15.7017 35.902 0.2525497 62.71916
-0.040625168 1.948799 30.243 -0.1963417 76.79836
-0.549699701 0.3519897 18.187 0.2457074 50.96086
-1 1.756798 25.0618 0.5026028 94.38773
-0.176024193 0.4025002 20.4413 0.1222961 39.83429
-1 13.7104 4.991295 0.399864 154.5827
-0.627215899 0.9179993 10.9805 0.149647 133.9117
-1 1.633202 -2.939201 0.3962556 116.4816
-0.269249179 13.7102 33.9523 -0.3127762 141.4209
-0.998797975 13.7102 33.9523 -0.3127762 141.4209
-1 0.1769943 10.505 0.1050767 30.66056
-1 2.1203 24.6956 0.1589333 115.512
-1 0.4286995 59.6324 0.4353527 105.8933
-1 9.849998 25.712 0.3615037 122.4033
-1 5.2635 34.4853 -0.1566692 130.7668
-0.811408157 2.614502 43.47971 -0.1141391 72.00549
-1 1.5298 30.9652 -0.1726076 69.29733
-1 7.250999 49.57999 0.4457133 147.7821
-1 0.2979965 5.195999 0.2720271 119.7968
-0.992775557 0.6939011 20.3874 0.3055939 47.36827
-1 1.292 29.598 -0.2529501 37.28542
-0.442489523 1.246902 29.1368 0.372971 57.86038
-1 0.1460114 55.425 0.3483672 31.01762
-0.495268817 6.924698 34.1393 -0.3727087 169.3596
-0.994140132 6.924698 34.1393 -0.3727087 169.3596
-0.936719946 3.434097 24.8471 -0.3043898 102.71
-1 2.332993 7.548996 0.1901757 70.50034
-1 4.377991 57.29999 -0.06269514 78.78691
-1 1.373993 4.895004 -0.2122496 59.02769
-0.285231325 0.1809006 8.669304 0.09409288 48.27741
-1 5.017498 19.2651 0.4400966 103.9899
-1 13.71021 19.62151 0.2668087 131.4726
-1 0.8549957 54.347 -0.1328077 50.36209
-1 19.048 25.202 0.2344493 66.16068
-0.190377376 2.505997 24.852 0.2534728 100.6555
-0.369572819 1.184799 50.3544 0.2163191 57.09682
-1 2.528999 52.4549 0.1798053 60.95857
-1 1.624794 40.2857 0.3908978 65.07851
-1 5.487 23.22801 -0.3891981 141.138
-1 0.5100021 15.328 0.4288965 145.3486
-1 0.8919983 37.013 0.3212865 112.2161
-0.794164008 0.4459 14.6303 0.2772177 40.46326
-0.288744114 0.7539978 26.51499 -0.1764919 92.05859
-0.939891926 0.7539978 26.51499 -0.1764919 92.05859
-1 1.780991 61.722 0.1668994 63.67224
-1 6.372986 65.17599 0.1262858 101.6608
-1 0.02000427 28.657 -0.3543043 16.73518
-0.608871999 0.7639923 38.649 0.1843246 48.40101
-1 3.188995 22.50499 0.449107 144.6537
-1 7.805901 26.9708 -0.4604431 160.9851
-1 3.880005 19.0358 0.1703182 63.55413
-1 5.209999 87.937 0.1528003 58.55802
-0.650278682 1.103104 12.5926 -0.2652451 71.64843
-0.669812917 0.2460022 19.96201 0.2071003 32.55299
-1 3.7258 45.0713 0.515419 147.0817
-1 1.544998 43.10199 -0.2362356 60.69215
-1 1.111298 38.3173 0.3538404 76.91371
-1 2.419304 8.472504 0.2949754 106.6679
-1 2.723301 53.7347 -0.2551195 68.9897
-0.441860633 0.4469986 35.9823 0.1785472 48.1181
-0.153106388 0.4469986 35.9823 0.1785472 48.1181
-1 0.09700012 43.028 0.3571363 23.02769
-0.334899248 0.1854935 32.4558 0.4633282 35.11559
-0.900448387 0.1854935 32.4558 0.4633282 35.11559
-0.702924928 1.015991 33.504 -0.34856 55.26207
-1 7.232704 17.90501 0.3621548 36.91463
-1 3.8339 57.9358 0.3048091 87.80957
-0.423541924 0.8990021 38.40401 -0.2136669 53.19387
-1 0.7458 32.4779 -0.08400425 113.3202
-1 6.5807 29.8843 0.4494172 132
-1 13.661 30.40701 0.496679 144.2142
-1 0.9921036 23.8549 0.3534833 129.322
-0.205562351 1.524605 31.1203 0.09740192 58.77226
-0.999427368 1.524605 31.1203 0.09740192 58.77226
-1 2.042 14.198 0.2798609 104.6271
-0.510088294 1.8932 21.1588 -0.1053824 57.64889
-1 0.7462006 20.2896 0.4378113 114.2788
-0.58974218 1.029999 9.628998 0.1998691 53.36141
-1 0.5891953 42.09869 -0.1889795 46.20096
-1 3.395096 16.17329 0.5706814 134.5351
-0.937018726 3.324997 22.30499 0.333191 138.3749
-1 13.8642 28.93069 0.1399013 98.21927
-1 3.429001 21.965 0.5191557 172.1117
-1 7.564987 1.000992 0.4931701 135.7107
-0.708231169 0.6751976 39.3165 -0.1466775 51.6173
-1 0.1069946 70.748 0.2100758 23.7995
-1 5.65802 26.82602 0.282557 92.18494
-1 0.2739868 15.618 0.2724962 34.03616
-0.740595929 0.5099792 55.54199 -0.3760322 41.59762
-1 4.799198 24.9484 0.2428096 142.5333
-1 4.143997 42.5366 0.5121156 145.3815
-0.488700196 5.356705 39.7347 0.3793108 160.3754
-0.99198143 5.356705 39.7347 0.3793108 160.3754
-1 5.07399 30.506 0.3453291 146.612
-0.95090662 4.751991 6.241997 0.2324958 102.0014
-0.762320283 2.399696 11.4986 0.2628011 71.83795
-1 1.771996 21.6955 -0.2029088 98.233
-0.275168762 0.8869934 39.23398 -0.278443 52.59785
-1 4.8703 22.72559 0.4990143 155.989
-1 4.580002 13.9813 0.2679479 121.8567
-1 0.9496994 16.50179 -0.2421554 53.56466
-0.698358736 3.733601 35.5936 -0.1966144 98.70267
-1 3.698105 32.834 0.4450505 136.1776
-1 0.4097977 17.5494 -0.2696058 42.16892
-1 5.260002 18.912 -0.3392202 96.02472
-1 2.036987 22.045 0.1491984 68.44587
-1 0.1333008 27.5919 0.3073863 27.49371
-1 8.850296 22.3688 0.2097625 150.4353
-1 2.940002 29.35699 0.4077297 85.9913
-1 1.714005 35.47391 0.533095 93.66811
-1 5.021198 41.2219 -0.3596612 89.70199
-0.088653959 0.4544067 31.493 0.1469485 44.53376
-0.715849788 0.4544067 31.493 0.1469485 44.53376
-1 0.7860107 41.826 0.3362012 41.87503
-1 0.1168022 33.6731 0.1988797 125.3642
-0.375804139 0.689003 53.28 0.1842329 47.36278
-1 0.689003 53.28 0.1842329 47.36278
-1 15.4843 34.27229 0.3298866 117.3742
-1 0.3806 46.7886 -0.2069613 38.13413
-0.459568847 1.6978 48.8621 0.1858131 62.46098
-0.975513475 1.6978 48.8621 0.1858131 62.46098
-1 2.122299 18.84219 -0.1165112 73.03548
-1 1.466904 19.2855 0.198915 61.29915
-0.961459336 1.189598 50.5366 -0.1019761 56.41291
-0.792860401 0.7518005 17.0703 0.3357513 109.4118
-1 0.6735992 48.4847 0.1709043 46.70634
-1 17.55 51.729 0.2356996 95.86816
-1 0.9550018 7.641006 0.1530811 50.05997
-0.373295028 0.555603 23.5071 0.3490453 43.80865
-0.465955432 0.555603 23.5071 0.3490453 43.80865
-0.321646189 0.8168983 18.6885 -0.1441226 124.3177
-0.955450956 0.8168983 18.6885 -0.1441226 124.3177
-1 0.5488968 29.7238 0.5183617 43.40215
-1 4.587006 26.45801 0.3020519 172.8231
-1 13.71001 42.23201 0.3828208 165.4099
-0.184086393 1.925095 27.8848 0.4481023 102.0041
-0.712890273 1.925095 27.8848 0.4481023 102.0041
-1 4.063103 50.4408 0.1196529 104.726
-1 1.416992 34.276 0.3751446 91.94873
-1 2.754303 28.87251 0.1609233 81.68459
-0.682123068 1.258202 20.8487 -0.1405731 58.08835
-0.424566362 1.425797 40.27869 0.3758665 64.56763
-0.483646943 6.440002 19.911 0.3537371 112.7242
-1 1.347 75.974 0.4757377 156.5988
-1 1.428009 13.817 0.2856038 66.83635
-0.695994676 1.268196 18.6547 0.1733174 113.6251
-0.299959982 0.613205 28.127 0.1389662 53.09224
-1 4.674202 33.0247 0.572121 150.8254
-1 13.7102 34.3324 0.3495539 131.6265
-0.49517246 5.46402 46.86502 0.2295326 128.5722
-1 5.46402 46.86502 0.2295326 128.5722
-1 1.092102 13.7237 0.3499922 99.79034
-1 1.684006 40.29201 0.2224957 71.84894
-1 2.108398 21.888 -0.3278702 168.3571
-1 4.879005 19.21 -0.267609 130.2834
-1 16.031 44.674 -0.164398 110.3401
-0.216054301 0.5293999 33.2141 -0.187858 45.46761
-0.871507831 2.328995 27.3457 0.2782518 94.26688
-1 0.310997 46.476 0.4031936 35.48363
-1 3.393707 33.4477 0.3209327 153.984
-1 3.014984 37.70001 0.4860024 147.0268
-1 4.9608 41.2747 0.655408 156.5631
-0.489898675 1.027901 10.68681 0.3451124 119.8215
-1 1.027901 10.68681 0.3451124 119.8215
-0.181753437 0.3995972 16.3099 0.2507424 38.91692
-1 2.214798 15.8894 -0.198803 84.77455
-0.913917105 1.319 35.36 0.3502024 43.84436
-1 2.5439 25.9832 -0.1862631 128.0641
-0.494830834 4.458008 2.743011 0.1608877 54.73198
-1 4.458008 2.743011 0.1608877 54.73198
-0.544582731 0.2234001 20.6118 0.5017239 34.97826
-0.547564298 1.129997 47.221 0.2668807 55.42962
-1 0.08000183 51.567 0.3523399 27.95514
-0.504317948 1.6017 13.9285 0.179234 68.73151
-1 3.024895 22.1216 0.337404 124.1913
-1 3.522202 37.7096 -0.25241 151.8224
-1 2.529999 22.45799 0.307434 127.5917
-0.903473673 0.3600006 36.23399 -0.3134438 38.12039
-0.971042615 2.328003 18.36301 0.1595881 68.10254
-1 0.1160049 10.209 0.3127874 144.3214
-0.935409124 1.177002 30.36299 0.3419579 72.28291
-1 15.9721 14.3841 0.2214224 68.76173
-1 6.539696 40.0201 -0.3040937 142.753
-1 13.728 64.9064 -0.2719166 156.3104
-1 3.022102 10.2533 -0.4457197 142.0966
-0.853448306 0.2192001 28.3112 0.08186323 58.64042
-1 0.1604996 31.6178 0.2126586 30.42985
-0.99984407 6.298897 19.1769 0.2957945 110.9581
-1 4.505997 27.8059 0.3085228 105.3687
-1 3.704498 47.5499 0.2275669 83.26665
-0.859461412 1.294102 25.4223 -0.08433992 73.22499
-1 0.8330002 46.936 0.2614721 49.67819
-1 6.868301 12.9603 0.2688714 105.8412
-1 1.917007 23.563 -0.175601 65.4905
-0.77043306 1.532196 27.7351 -0.144304 77.38888
-1 8.144005 27.303 0.3920997 123.7766
-1 0.7770004 23.306 0.3560336 138.8885
-1 1.909096 12.3131 0.1959362 43.22087
-1 1.344398 20.1356 -0.5626982 134.7878
-1 1.8228 21.1539 0.5361996 143.9231
-0.9027201 2.771996 20.6213 0.2067204 78.5452
-1 0.6041031 37.68591 0.3725198 157.4282
-1 1.010197 31.2084 -0.1795962 65.95468
-1 4.526001 73.46001 0.1077256 81.01167
-1 5.067398 37.4254 0.515583 171.8178
-1 8.225006 36.71002 0.4782591 153.561
-1 0.2630005 29.31299 0.3459719 35.21996
-0.90681537 2.286797 27.2701 0.2232845 114.7567
-0.930694016 1.885101 26.7929 0.362442 137.7102
-0.49435018 1.242302 37.154 -0.1712057 119.9396
-1 1.242302 37.154 -0.1712057 119.9396
-0.571475919 1.117004 39.133 -0.2985804 49.32113
-1 2.341896 26.88879 -0.3474482 107.2996
-1 3.470001 22.498 0.4204117 133.0657
-1 22.31 35.75999 0.5834414 157.8814
-1 11.49199 25.63899 0.5490177 159.3536
-1 19.7324 11.17039 -0.1410892 77.12794
-1 20.607 39.10801 0.3350618 115.3994
-1 21.6797 50.2304 0.4774663 136.4221
-0.986942202 18.05099 17.769 0.2202102 62.82902
-1 16.901 73.67902 -0.18469 45.76974
-1 17.95801 34.95901 0.2661785 127.8279
-0.69863867 17.668 29.55299 0.1026075 60.01373
-1 97.4819 32.53191 0.5129163 116.704
-1 16.523 19.19199 0.2891058 37.07393
-1 16.2769 25.8857 -0.5759435 148.3149
-1 18.6692 22.8167 -0.1786814 70.05539
-1 17.0438 15.7412 -0.3011721 180
-1 16.5331 42.4655 0.2734836 36.87068
-1 17.43001 54.649 0.3070029 152.3854
-1 16.71391 8.749901 0.4281355 42.49577
-1 17.9939 54.8299 0.4151859 86.46098
-1 17.564 18.105 -0.3225722 146.4472
-1 16.0153 29.9716 0.1671977 34.84642
-1 17.4127 51.1907 0.364342 62.12039
-1 18.15001 6.917007 0.4712392 80.80568
-1 19.9075 21.0055 0.3616102 115.4461
-1 16.7 30.365 0.387599 135.7052
-1 16.6586 33.35259 -0.140379 39.85626
-1 15.801 14.952 0.2396862 132.2582
-1 16.502 26.521 0.3896473 35.84344
-1 18.3487 36.792 0.3578604 74.36485
-1 16.4054 25.4741 -0.1420962 32.12451
-0.484826982 17.4049 40.646 -0.4230228 58.4152
-1 22.705 32.44501 0.5294978 159.4827
-0.987441526 18.21001 34.595 0.1811841 64.99886
-0.252269171 18.044 26.923 -0.1937705 67.27032
-0.3865348 20.243 27.185 0.6405703 155.3463
-1 16.1382 16.6209 0.4787512 157.5766
-1 20.0651 42.3834 0.3722882 129.2891
-0.94476978 19.35701 31.899 0.1971557 122.1918
-1 15.2209 14.6299 -0.4892771 144.1511
-0.783677618 13.55399 32.952 0.127243 121.1289
-0.792367048 19.25121 26.5988 0.4724966 154.3328
-1 17.2409 17.9517 -0.1111111 53.84481
-0.621837901 19.2863 9.807899 0.1567252 78.0563
-1 18.0386 67.4476 0.1110004 61.24971
-1 18.551 33.048 -0.1035956 96.90913
-1 19.10889 44.8389 0.1478189 80.46235
-1 18.9737 13.8888 0.3449585 105.377
-1 18.0362 24.6143 0.1442508 111.1009
-0.351508422 16.77701 41.84601 0.2111742 50.86747
-1 125.118 24.035 0.2550389 52.01831
-1 21.4678 36.6598 0.4203334 138.103
-1 18.16901 60.94701 0.1468731 64.46052
-0.368182059 18.66101 26.55901 0.4437409 68.31678
-1 19.841 14.817 0.1254279 68.18219
-0.968207768 16.3566 21.827 -0.1114575 43.36644
-1 16.61601 20.77501 -0.2901811 40.17762
-1 16.203 36.471 0.3212661 23.90661
-1 17.8397 20.9796 -0.2861933 140.5145
-0.642499938 17.0737 10.3738 0.116439 49.45846
-1 20.921 50.76299 0.3905685 108.239
-1 19.6395 28.248 -0.3937567 153.0529
-0.927206868 16.47501 38.272 -0.2899881 35.62096
-1 17.5498 7.841805 0.4438545 134.6478
-1 27.97701 78.649 0.1544556 48.33783
-0.123682121 17.4202 18.4992 0.1527002 54.32547
-1 17.1262 12.6052 0.3500389 142.819
-1 21.8991 27.198 0.2804329 86.55436
-0.962728428 18.022 39.30299 0.3047785 96.16754
-1 18.65881 46.6732 0.4292711 116.9238
-0.843517208 17.6139 20.0149 -0.1231427 58.95903
-1 19.3665 35.4688 0.317228 143.5331
-0.330202172 18.8517 15.6548 -0.4225751 112.6473
-1 16.379 11.789 0.2560415 37.45846
-1 16.3 11.8 -0.1399363 33.34676
-1 19.03139 46.4494 -0.1606563 69.31106
-1 18.40802 35.39102 0.2101636 126.114
-0.917873624 16.78249 25.28149 0.3300271 43.65759
-1 14.7314 36.81239 0.3376856 96.7718
-1 18.97 27.10501 -0.1848929 70.32731
-1 16.85561 12.8494 0.6235604 161.5399
-1 19.99699 18.00101 0.2596011 89.62234
-1 16.9288 13.8427 -0.3637339 43.81964
-0.886025326 18.05 39.478 -0.4113758 45.06111
-1 17.70271 48.2484 -0.3487427 59.393
-1 20.5736 19.0806 0.4395671 112.2655
-0.441573928 17.9049 21.9316 0.2948505 91.36095
-1 19.5911 8.789604 -0.0754497 73.50515
-1 18.9485 24.0251 0.1719461 57.69833
-1 18.586 39.34001 0.3171264 130.6899
-0.712867272 17.065 34.98999 0.150013 50.16983
-1 17.15 64.635 0.06428027 48.13459
-1 16.9527 75.6114 0.1269253 60.02472
-1 17.6235 19.2263 0.3645048 126.721
-0.635442754 17.3611 27.3889 0.2662149 57.29183
-1 18.315 36.961 0.213478 69.22316
-1 18.8657 24.3917 0.3259495 89.07851
-1 20.606 -2.084 0.40802 137.1499
-1 22.8332 25.7222 -0.1142222 102.4683
-0.899065906 20.7608 20.2318 0.3165101 122.7137
-1 17.341 14.59801 0.2175387 53.0071
-1 18.54401 10.10699 0.2112751 83.63744
-1 58.4873 33.1775 0.4634607 180
-1 16.15269 22.6337 0.3755303 136.4083
-1 17.091 44.73901 0.1832065 49.40078
-0.853806684 20.084 35.60699 0.337743 83.91486
-0.601883261 17.4491 29.0121 -0.08801103 62.46098
-1 18.25101 17.965 0.3508351 129.2671
-1 16.105 15.4174 -0.1271175 18.24308
-1 19.02701 7.877014 0.3125566 78.61387
-0.934300417 16.75401 17.93901 -0.1620582 43.18517
-1 18.067 34.16101 0.133749 69.71206
-1 20.098 25.94799 0.3517381 138.677
-1 16.1871 31.6572 0.4722031 24.0824
-1 21.7372 15.6534 -0.2316673 93.50881
-1 20.05701 28.28 -0.1454759 83.10185
-1 15.2931 18.6729 0.7170606 14.46647
-0.44053758 18.94199 25.66199 0.5699922 157.2332
-1 20.483 37.83 0.2359386 117.8329
-1 17.4779 31.6219 -0.1722585 56.32227
-0.589095487 16.7912 38.8592 0.2446064 45.37972
-1 17.40501 40.472 -0.3032013 56.57771
-1 20.2637 15.7605 0.3771941 90.62486
-1 17.9963 12.114 -0.1204324 63.39483
-1 20.158 42.3 0.2348076 137.3916
-1 20.1908 53.9688 0.1712931 77.18013
-0.41669534 18.1081 26.0241 0.5124809 89.18562
-1 21.594 29.117 0.3254424 75.51293
-0.975437517 17.929 31.511 0.3296368 66.75121
-1 17.23102 95.272 0.1926753 51.56786
-1 21.8297 12.3925 0.1463602 121.4749
-1 15.277 31.285 0.2772301 147.0185
-1 17.6163 11.1939 0.2063109 66.58915
-1 17.677 44.002 -0.1451015 59.10735
-0.833514649 16.6606 12.179 0.1879567 40.66652
-1 16.80099 73.716 -0.1938487 43.67132
-1 11.595 17.134 0.4301423 144.3241
-0.51844057 16.9306 25.7576 0.2617792 46.17899
-1 18.8969 24.4479 0.3070201 115.1687
-1 19.974 80.27499 0.09697898 76.72419
-1 16.795 46.95801 0.09103831 44.00916
-1 17.396 70.71799 0.3720652 121.5189
-1 10.92599 53.65199 0.2659345 154.4564
-1 18.4908 71.54379 -0.2370819 67.86633
-1 28.0603 29.32391 0.3418367 117.4813
-1 16.702 30.631 0.4299352 42.14145
-1 22.83699 66.40999 0.3875923 149.919
-0.061083653 16.9229 33.68019 0.3143041 48.47791
-1 19.688 28.201 0.4952195 157.1481
-1 18.5037 21.05569 0.4989334 149.9437
-0.731039719 16.40981 15.2654 -0.1983168 32.33875
-0.824035793 17.427 22.567 -0.2349055 58.64866
-1 21.062 26.99 0.3357713 144.6867
-1 18.56801 42.756 0.2380548 136.1831
-1 20.4172 8.222099 0.1958453 105.8082
-1 21.165 26.813 0.1647824 108.7581
-0.965164162 21.0968 23.49281 -0.2347415 78.58091
-1 17.3563 81.9906 -0.1745594 73.56557
-1 19.068 35.418 0.4107695 85.09315
-1 15.0778 12.31879 0.4320899 128.3003
-0.753270006 17.0285 12.9866 0.1367171 49.73037
-1 13.2659 23.8989 0.4610032 117.6901
-1 31.7647 36.3917 -0.3778743 115.523
-1 17.252 41.077 0.4593698 86.80156
-1 17.3075 155.2244 -0.1443084 53.59487
-0.53763295 18.8519 15.9042 -0.18769 111.5843
-1 23.177 49.30499 0.2643009 145.3349
-1 17.1221 48.20509 0.3329013 49.68643
-1 19.103 59.62802 0.2050038 72.23071
-0.932847664 16.66501 6.471008 0.3890119 124.5896
-0.633588991 16.334 28.097 0.3021063 43.6878
-1 17.7389 21.7809 0.432797 91.61639
-0.401415438 16.5002 40.7502 0.2359003 44.21241
-0.95443542 20.6275 24.9475 -0.1263806 78.74021