0.492132826 61.18597 248.206 -0.2148715 144.2362
0.448157355 19.5487 114.119 0.1276992 111.3976
0.43069466 20.4237 70.16679 -0.4495321 95.50835
0.499105193 24.99799 135.127 -0.2365552 149.9272
0.504107953 23.02 95.43301 -0.2137221 144.3076
0.504710288 145.26 201.25 -0.1567783 169.5546
0.439326368 28.99899 144.166 -0.2766673 95.08537
0.419553519 25.98241 91.1124 -0.147398 144.6949
0.503890885 33.41699 175.35 0.134072 112.6171
0.504785522 0 103.196 -0.2392862 123.7601
0.504671528 161.0801 395.7301 -0.1674849 169.1838
0.504933654 70.155 228.11 0.2110792 162.2129
0.459702316 35.793 189.074 0.121691 119.8572
0.504869994 64.64001 295.176 0.1031919 143.3216
0.504951007 68.35101 276.72 -0.08061547 122.5489
0.504644329 57.73599 354.248 -0.1251562 148.6555
0.505060924 17.0626 97.4999 -0.1744615 103.9762
0.504589784 18.771 105.37 0.4768966 174.949
0.481021621 21.1127 75.5402 -0.2040242 143.4891
0.424085408 18.6507 76.714 0.2709156 102.3008
0.504784776 65.6185 86.37289 -0.1721603 136.716
0.504822434 47.00299 289.482 -0.1139623 129.0721
0.504745092 35.141 102.754 -0.1355987 109.2689
0.504026799 46.11298 129.385 0.1729937 109.8073
0.504947447 65.18005 94.12 0.1727259 126.287
0.477940802 25.36398 182.097 0.1786563 94.92332
0.497190129 37.38098 110.986 -0.1654937 131.36
0.390046626 21.68597 151.806 0.4442269 164.0421
0.368104252 21.883 83.4063 -0.2080709 117.0886
0.501791751 59 252.511 0.1422766 127.6851
0.504638981 33.117 157.027 0.1905075 150.9242
0.504786016 70.10999 81.40002 0.1743807 124.7709
0.504763988 73.48596 252.368 0.2545852 156.39
0.504948797 72.255 223.116 0.0974308 125.886
0.495161871 19.25299 157.719 -0.09723214 72.60975
0.491064489 63.05798 243.462 -0.1127913 120.5246
0.217066627 20.1885 67.9504 -0.2161085 139.6933
0.513828318 20.2417 56.6614 0.2882226 97.59304
0.492204594 26.6 76.43501 -0.2764095 94.24216
0.361097847 30.6738 119.5498 -0.1964853 124.0403
0.442682597 17.9675 85.1273 0.2459144 147.6722
0.511855728 26.97 48.4861 0.2148416 113.6745
0.371686722 21.39799 78.43898 0.2612525 107.3518
0.491540848 26.61499 156.145 -0.1268779 139.7565
0.234121043 25.082 76.01971 0.1478131 118.4317
0.504772424 135.22 193.35 -0.1078649 138.0975
0.500873722 50.76599 181.721 0.1594221 123.7244
0.344886186 27.64502 175.645 0.1963919 138.4683
0.504847011 65.25995 195.777 -0.1125935 125.5399
0.500078445 26.609 89.528 -0.2657994 161.8833
0.492453254 24.44501 160.46 0.1379274 93.36874
0.504640791 51.38397 260.226 0.1334375 113.4383
0.504821955 101.2702 73.11021 -0.1214578 96.26917
0.504795978 31.59801 94.306 0.3464143 157.2387
0.500000078 19.6112 73.3826 0.3115283 150.1881
0.455311814 27.8034 67.06129 0.2160348 158.6395
0.504299631 16.88 120.335 0.1191165 113.518
0.148365434 24.91498 152.383 0.1103134 97.22774
0.502061348 42.73399 162.518 0.1583177 149.5839
0.504629966 43.6197 55.0496 -0.07599934 132.8652
0.493985394 62.05005 230.02 -0.1682614 161.1142
0.504826336 164.325 508.176 -0.1467182 158.0902
0.492460777 18.53198 130.846 0.3153937 158.8318
0.477496972 27.45001 138.658 0.184003 125.7377
0.497914296 37.922 117.339 0.2730737 138.1332
0.480530732 21.3004 77.41069 -0.3128298 156.6427
0.504828049 124.764 366.875 -0.1292045 145.8073
0.485832546 30.25198 202.271 0.1261649 153.7093
0.504052093 22.6178 58.501 0.3855601 161.3889
0.491589498 24.09497 87.29395 0.1016448 93.41817
0.500168574 98.91205 338.3041 0.1645009 147.1174
0.504251717 23.01199 155.418 0.1329096 126.7457
0.504862804 113.506 402.56 -0.09158337 147.3866
0.44582735 22.158 73.59 0.655875 165.2836
0.404541318 29.42799 216.328 0.07904761 139.3115
0.504735642 84.091 382.966 -0.1073858 142.2834
0.36961969 21.5488 117.3143 0.1100151 124.7077
0.460433071 16.3642 58.5712 0.3391393 32.40192
0.449573209 35.3345 114.0745 -0.1612212 135.2493
0.504803389 182.6201 434.14 -0.2855029 179.9231
0.504996194 47.53101 159.912 0.1529889 138.7677
0.50430827 39.17899 159.468 -0.209765 120.4504
0.501753931 23.25403 209.735 0.1233169 96.87343
0.504674741 18.477 181.036 0.2435196 165.9428
0.502160485 28.5013 103.052 0.1283102 144.7224
0.504784082 32.83201 63.92001 -0.2115773 148.5072
0.567887247 15.9557 63.09971 0.343257 154.6377
0.4061464 22.63901 120.977 0.3271212 125.8283
0.504822364 82.574 196.307 0.1783759 165.3797
0.455048355 28.849 137.139 -0.2346449 130.0691
0.50482186 245.6 428.0801 -0.1648455 173.4026
0.24375127 22.5022 64.6707 -0.1509099 112.7709
0.504785924 63.703 289.815 -0.1624058 157.9748
0.325397416 18.2162 87.2622 -0.2339139 70.6981
0.401081995 22.4788 61.16409 -0.08436874 106.8931
0.504864903 156.66 423.75 -0.1204137 157.3239
0.504395194 31.19998 226.781 -0.1069043 128.7535
0.504723147 32.7101 233.7761 -0.06338482 167.9945
0.504821417 89.42419 58.9772 0.2008257 121.0245
0.443644424 41.31201 156.694 -0.1818962 141.0913
0.50488844 31.838 291.045 0.2235387 146.8867
0.504822793 112.055 323.6121 0.09374706 134.6862
0.504824984 64.64301 335.479 0.1267571 120.813
0.504815968 19.33699 158.935 0.1209962 122.3044
0.504753603 97.6158 52.4688 0.1980819 139.6027
0.137738574 21.0394 79.0063 -0.2493014 125.1142
0.504861514 136.911 93.55 0.0849838 139.6191
0.438495654 38.4443 136.8558 -0.09352873 128.4129
0.503346059 19.36099 134.668 0.228131 86.48844
0.503961014 56.83099 212.218 -0.1186152 126.8666
0.466090637 28.812 91.606 0.3995219 139.9295
0.504826583 59.31302 183.086 -0.1640772 146.1698
0.431889129 19.215 90.07098 0.1832845 118.9041
0.448598283 19.54401 128.647 0.2413382 123.0076
0.493230974 17.7691 70.4381 -0.2301479 146.2357
0.419288998 24.89301 109.849 -0.153579 94.58274
0.74648133 18.045 68.7258 0.4278488 121.9529
0.48410727 47.64404 216.571 0.1116667 122.0352
0.429896267 29.47801 144.707 -0.1845708 131.404
0.50289858 45.13898 193.736 0.1693683 122.2028
0.504884547 50.5088 56.5448 -0.1459508 138.9627
0.443823561 34.56801 145.2 0.1864333 137.7844
0.504821314 40.28601 286.943 -0.1450434 169.8567
0.493673129 26.01599 159.644 0.137508 103.8526
0.504813777 50.92603 255.777 -0.07748083 142.1872
0.501673044 26.60101 71.294 -0.1736853 92.16296
0.503691759 26.30698 204.143 0.299419 93.58572
0.504497808 35.13501 277.744 0.2099948 152.9458
0.504682909 38.584 236.343 -0.2600251 153.3962
0.503696747 60.09601 335.938 -0.1336221 155.0634
0.503155337 21.5507 78.6256 -0.3990502 167.7638
0.504299657 12.705 86.651 0.4088956 149.7981
0.467138486 28.70502 176.09 0.1961263 92.78645
0.486331124 28.392 120.951 -0.2355416 93.7203
0.501842468 49.211 216.048 -0.1821301 116.9485
0.50461457 32.28998 131.617 -0.1679482 169.4118
0.504426397 31.85297 124.654 0.07174124 95.35455
0.503949508 57.26602 210.766 0.1124809 122.038
0.504725961 65.13495 208.9979 0.2077876 142.819
0.331156119 21.19 92.241 0.3034168 133.5244
0.47785138 46.33405 196.958 0.1244687 127.4488
0.504576004 27.263 120.722 0.1657847 172.0568
0.504828576 125.5466 29.0616 0.2243484 153.171
0.397048071 25.257 108.599 0.3396652 131.6512
0.492040946 17.9192 99.38161 0.2455334 116.2151
0.502033647 56.22601 245.269 0.1549515 157.0217
0.504712625 73.06104 192.014 -0.1921568 147.219
0.488053749 28.70502 86.07501 -0.1855075 89.95743
0.504650711 40.0534 132.3574 -0.2482545 167.7418
0.437228691 33.73 147.798 -0.1569021 137.1087
0.464449709 25.27699 165.228 0.09363604 113.724
0.448675038 35.43698 168.356 0.09007657 96.24719
0.504610644 39.06401 177.51 -0.06602563 123.5431
0.361328362 26.8465 104.6587 -0.1765358 115.4708
0.501797949 47.67902 198.491 0.07150877 116.7398
0.504484885 28.91699 167.195 -0.1138857 104.3442
0.501502414 43.15399 179.338 -0.09775459 118.7283
0.504905316 83.42099 372.55 0.1248703 155.7501
0.504804808 113.1899 160.37 0.1281078 136.8945
0.504871387 32.57301 95.406 0.2498663 179.7995
0.45504155 35.88501 165.431 0.05049312 95.98901
0.504473353 105.2338 82.6118 0.1585001 159.0762
0.502184125 33.06897 154.993 0.3707728 157.2634
0.484455457 29.69904 166.063 0.1214053 128.8496
0.5041242 48.90298 186.641 -0.1890698 151.339
0.327176073 26.03481 61.6891 -0.1016982 128.3223
0.463094894 33.08701 148.132 0.114549 141.0913
0.493646065 28.19501 90.43896 -0.1733025 94.43168
0.351713502 21.8821 53.5227 -0.2914536 103.4653
0.50456723 42.23102 165.488 0.2584281 157.6315
0.489626901 22.8081 79.0705 -0.2024185 112.5759
0.493453588 24.5172 156.1913 0.1043165 114.471
0.500163154 18.3504 93.7039 -0.1788153 112.8753
0.401581231 21.60699 133.448 0.4334609 147.4113
0.504839857 41.14499 246.09 0.108379 177.1325
0.504881138 128.5 228.51 0.156676 132.368
0.498875473 33.92102 145.1801 0.1744546 127.2374
0.504621801 30.977 36.67 0.1026099 137.257
0.46060415 26.2354 133.7294 -0.1365345 121.7963
0.50057818 23.95599 151.776 0.09688094 111.7519
0.504755168 56.32007 133.6 -0.132485 138.6194
0.501249547 22.9665 141.2075 0.2403387 123.4168
0.349308544 24.26202 191.932 -0.3467865 90.99565
0.504881696 38.881 63.093 -0.26326 95.75006
0.283934793 31.71802 272.956 -0.1715237 95.00847
0.504933216 74.86804 239.6531 0.1212019 109.8183
0.501742183 29.161 126.252 0.124772 120.2966
0.402387268 38.26199 89.54399 -0.1914249 141.1545
0.385525445 35.144 161.857 0.1218669 129.4621
0.497493265 26.7913 113.6098 0.1669349 135.1366
0.504949589 34.09201 289.385 0.2878993 139.7675
0.504946389 106.677 355.059 -0.1733736 176.4733
0.479766402 0 113.642 0.4621102 161.7734
0.504535373 35.97501 108.833 0.1310068 123.8975
0.504878048 71.9579 83.5419 0.3413537 141.1957
0.504933047 57.4885 51.5174 0.3611673 72.92012
0.504698645 26.23898 218.637 -0.1363263 105.6956
0.50362454 33.71701 149.918 -0.1336899 97.94736
0.354387592 20.4347 70.7009 -0.4256316 90.40513
0.50434418 33.32401 241.645 0.0656289 107.3545
0.504689333 89.12799 338.871 -0.1046411 160.7269
0.479990838 25.158 93.409 0.129262 109.3596
0.50345115 30.30399 198.275 0.0879287 107.3216
0.501802276 19.7221 60.6184 -0.2638192 122.9389
1 24.789 60.4321 0.2262271 145.0877
0.434688895 18.0818 110.9383 0.2345862 105.5994
0.097149799 31.32901 127.765 -0.1451229 139.4379
0.40751038 39.66599 165.803 -0.08934522 107.8352
0.504910962 110.658 258.821 0.07922732 152.6519
0.504429797 33.77499 165.231 0.08849506 105.6599
0.504912945 30.285 270.284 0.1151698 175.6768
0.503603288 16.627 106.086 0.3863312 138.5754
0.330659732 70.633 352.721 -0.06448007 154.5773
0.399298573 41.263 190.351 -0.2054574 106.547
0.504926743 101.12 198.5499 -0.1614172 153.7203
0.504250126 17.27901 85.216 0.434659 94.17899
0.504941751 61.82001 231.735 0.1022366 132.3131
0.504955983 146.49 326.9501 0.130103 155.5029
0.50482648 36.40698 194.724 -0.1927539 141.2287
0.459475807 29.186 91.62799 0.1094418 126.883
0.498299794 18.5493 115.3733 0.4014814 141.8357
0.504319285 51.04797 212.034 -0.1614234 149.2021
0.494697858 23.49001 131.078 0.2461371 140.8661
0.504120538 55.59497 244.493 0.1837283 111.9744
0.387667592 26.776 83.48401 0.09674032 127.8773
0.434267937 0 84.0782 -0.08685506 129.5802
0.253612641 26.734 84.198 -0.1890005 111.1888
0.417104897 22.3736 84.93851 -0.2170954 110.1369
0.419059886 20.106 116.708 0.2672608 131.4891
0.485492297 25.72399 127.55 0.451967 149.4246
0.471679689 28.93301 149.453 0.1229576 110.2357
0.320897793 19.5431 78.5592 0.3707317 104.91
0.472335015 22.9436 107.7595 0.2683979 125.9712
0.344626421 28.30701 172.686 -0.2809196 139.0835
0.504566589 36.36798 154.61 0.1148489 95.25292
0.396386491 28.879 184.347 -0.3280158 90.61112
0.50080111 23.33501 76.84401 -0.2802735 90.02609
0.504887136 42.91602 341.609 -0.1430602 156.7306
0.501132468 15.669 98.492 0.4123228 28.15289
0.433184563 29.00201 94.75397 0.1656048 122.0957
0.355793543 21.7708 59.8645 0.07182201 129.2644
0.415257632 37.254 118.847 0.145308 150.4573
0.49031689 22.1615 43.2918 0.3643137 122.2083
0.504880055 96.50403 326.1591 0.1455303 128.8029
0.484751213 22.89901 65.64001 -0.3391542 87.43328
0.297066299 23.6012 86.779 0.1631643 105.8851
0.504881198 110.8493 92.7343 0.1384411 129.8357
0.504949167 128.033 438.173 -0.1680952 158.6999
0.50495699 85.35303 351.128 -0.130145 123.079
0.481623464 31.64799 182.328 0.06872844 113.518
0.477269575 27.6644 133.1509 0.1808475 173.5235
0.477785132 36.4598 86.62981 0.1441943 110.5544
0.504912616 57.76599 349.719 -0.1745149 130.4674
0.504638708 60.878 122.469 0.07906072 155.8846
0.504550751 31.1971 72.3011 -0.1521627 109.3431
0.318554638 30.7791 97.78629 -0.1384717 122.6944
0.504894683 30.90201 302.673 0.2259173 147.3371
0.50308676 24.981 148.083 -0.1530131 122.8263
0.503061438 28.5418 74.8788 0.1563727 149.518
0.489974495 64.62199 55.871 0.3269918 116.8057
0.504915892 104.3057 73.6497 0.4133481 166.9783
0.395563432 24.6969 90.6712 -0.281721 97.00252
0.504902832 34.5918 151.0658 -0.3912621 168.173
0.441506849 27.5134 47.7821 -0.1380502 117.0996
0.50494367 123.0534 62.8214 0.3555003 101.1774
0.504877763 112.867 398.4 0.1678232 131.9149
0.504786742 59.084 139.29 -0.1101858 151.2374
0.504659188 31.28601 226.447 0.1819135 137.5262
0.362569576 20.0262 105.8781 0.2522962 153.4264
0.504870716 78.82007 150.3201 -0.1415614 147.7491
0.50493265 76.23999 192.0801 0.08598031 137.0098
0.496427168 23.34451 76.4985 -0.2329121 147.2218
0.385440275 19.3397 114.1269 0.2885472 74.91417
0.504878309 17.1385 129.3122 0.1731196 57.85763
0.504877607 87.43103 340.28 0.1704477 138.3145
0.503312064 29.98699 84.941 0.4338068 167.4946
0.419399611 31.4079 64.0616 -0.1103297 126.5013
0.497284427 30.13602 142.798 0.06736875 105.2781
0.492286363 24.6748 123.3929 0.1502321 122.4198
0.50468779 0 88.7937 -0.2755883 167.7665
0.433929177 36.142 135.467 -0.1139729 128.9567
0.448521099 19.108 131.455 0.2581392 122.5159
0.504753875 48.3166 104.0272 -0.1452188 146.3127
0.448522574 29.7621 76.6331 0.1756115 105.2534
0.504880218 18.81097 227.705 0.3773375 144.0879
0.503700147 19 54.925 0.3597796 160.5594
0.50485048 42.13901 207.689 0.09088385 126.9929
0.418061533 21.936 153.652 0.1784756 145.67
0.461456045 78.08997 296.614 0.1882226 152.6546
0.470076377 32.8158 44.7278 -0.241382 124.2573
0.504876089 22.19098 155.93 -0.1734152 82.04715
0.641736305 16.5798 46.7507 0.4269851 108.412
0.499155244 37.09998 279.643 0.09918053 157.7221
0.504932875 62.76501 276.937 -0.1682809 152.1657
0.479330539 21.2808 136.7988 -0.141408 147.469
0.273381127 24.05 93.03619 -0.2544976 97.54086
0.504036354 55.44104 197.475 0.08791979 117.3028
0.504876237 16.57199 208.138 -0.1437021 156.9943
0.48755043 17.0363 60.9623 0.2417745 87.29321
0.504178481 15.22 63.942 0.2685504 179.9258
0.182339575 25.4765 61.0658 -0.1855851 127.4791
0.475991678 34.5129 83.97689 0.249991 109.7304
0.501333629 33.357 175.534 -0.1120618 125.7899
0.504763148 55.073 353.997 -0.07715862 163.0616
0.504828195 66.97998 97.47998 -0.1005166 141.0199
0.504715799 41.3592 63.985 0.2765349 159.697
0.504492121 27.2386 80.9539 -0.208886 157.1481
0.356290238 21.349 70.435 0.3248506 87.56512
0.350728153 22.558 192.458 -0.1193578 90.78691
0.503474535 45.867 352.688 -0.2686678 162.6633
0.504876178 46.20099 69.71999 -0.1804365 108.3076
0.435569509 22.2285 71.9649 0.2667688 92.69306
0.392525911 30.369 154.176 -0.07685474 113.7404
0.813213197 18.40611 71.43171 0.4601702 120.1154
0.496298686 34.117 86.774 0.1933711 135.4031
0.504519419 42.349 128.753 0.1590606 145.6617
0.499463386 35.298 187.857 -0.1393281 100.3259
0.487356499 29.93101 173.38 -0.1450792 150.6386
0.504881737 100.1905 52.3955 -0.1057222 130.5663
0.499752308 31.771 162.014 0.2716962 147.8618
0.50488006 59.57899 203.141 0.07259129 141.2726
0.499999115 22.34302 147.334 0.1695863 92.71778
0.504599228 51.97998 136.5 -0.1058339 136.3671
0.504874395 0 151.555 -0.100496 132.5026
0.382311563 40.995 181.999 -0.1040277 154.6239
0.503472688 31.632 191.702 0.1472815 142.5827
0.472917764 27.4298 155.7345 -0.052134 134.5928
0.437867141 81.41992 60.12 0.1548586 126.4326
0.360614682 33.36499 182.295 -0.1363853 98.23849
0.504874387 77.56702 325.814 0.1929151 154.4207
0.484726554 39.44696 165.199 -0.08702026 121.2964
0.504880225 93.50995 269.04 -0.1147453 119.4891
0.504823451 44.04202 253.626 -0.07099948 124.488
0.500582242 33.4008 101.7778 -0.1559558 115.7977
0.503043398 20.7571 84.0116 -0.1770714 157.3019
0.328308246 23.8247 91.56529 -0.135749 119.1431
0.504904886 17.6374 103.6401 -0.313038 100.032
0.504680674 0 117.785 0.3090457 102.938
1 21.2914 39.9268 0.1462396 114.8666
0.434966401 27.7191 92.92811 -0.1707 129.594
0.504871072 26.51901 222.162 0.2788633 112.3836
0.433863353 25.3845 109.9575 -0.3087332 104.6354
0.497775704 26.4346 51.6626 -0.2112551 104.4733
0.569739797 20.035 54.01801 0.439217 92.46784
0.490797981 26.6357 84.1707 -0.2699125 135.5459
0.478437924 34.019 119.505 -0.1723701 153.8082
0.242792857 39.34399 155.325 0.322738 138.9682
0.405151134 28.95099 173.435 0.1811742 94.90685
0.479827056 26.339 103.302 -0.221273 89.38613
0.504961405 103.971 249.5801 -0.1569387 147.2657
0.877367385 19.3139 38.5414 0.2488351 74.09567
0.504951436 81.67303 349.909 0.156357 135.7656
0.488972064 26.2929 69.9843 -0.2271486 149.886
0.305262449 26.286 89.90301 0.1765443 103.4131
0.47394185 23.6461 64.4231 0.177008 128.8524
0.361788368 20.9143 88.8185 0.1422048 102.8556
0.395774905 36.17297 216.516 0.1244555 138.1772
0.448586068 23.1604 91.5765 -0.08238302 126.4079
0.504578108 49.5756 62.3974 0.07304793 124.5649
0.430998208 30.07697 184.132 0.2087337 93.33303
0.428119395 20.91301 114.213 0.2380774 133.9666
0.470289459 26.85201 80.25101 -0.2320384 92.02563
0.388159838 26.2015 85.1022 -0.193112 125.3779
0.326163543 27.496 254.115 0.2881014 145.7853
0.504338335 31.40099 156.106 -0.1860535 166.797
0.372410865 20.2011 105.848 -0.2235852 156.0275
0.504726569 38.37802 173.572 -0.1529388 98.05722
0.50491908 52.54004 397.888 0.2445089 179.9561
0.447965085 29.36099 119.626 0.3633613 155.0964
0.504928008 59.38 177.4701 -0.133559 141.2122
0.175071486 42.83398 191.608 0.1084531 130.6789
0.466812378 18.7207 58.183 -0.34389 168.8927
0.465010789 30.207 141.567 -0.1959744 154.8959
0.48163403 46.97998 181.2899 0.1895009 112.2106
0.503515729 25.2 147.637 0.2009349 115.3857
0.488247024 29.414 123.76 0.2304864 165.0501
0.504871104 132.868 501.298 -0.1381638 165.8439
0.504735239 62.42603 217.892 -0.1686798 147.9222
0.425042587 44.431 187.808 0.1876934 107.2172
0.504696373 40.96999 218.609 0.1276465 109.6095
0.420396682 24.4496 112.0448 -0.3945677 169.5189
0.504924497 128.1899 213.76 0.1037673 145.4996
0.263005536 25.2038 70.6044 0.4339791 153.5418
0.503799964 28.48999 128.184 -0.1763714 162.5425
0.504871136 111.587 288.303 -0.130616 164.8771
0.504870612 0 125.367 0.3609356 156.4916
0.504821395 41.96201 181.276 -0.1438534 98.59281
0.46734627 33.53111 95.2851 -0.07733767 132.2307
0.504012993 66.774 166.65 -0.06437884 167.7281
0.504099911 28.98203 163.228 0.2048338 120.6345
0.504872945 0 91.8311 0.2275915 152.4349
0.504340777 27.66101 113.793 0.1068459 112.6885
0.308343897 23.8798 121.2746 0.2903935 155.7253
0.499884785 29.77 180.69 0.103748 121.9748
0.501268715 45.15701 158.861 0.09840839 151.1192
0.358796991 21.6137 57.2939 0.1449523 118.1021
0.40012515 25.8227 65.9156 -0.3696284 117.0227
0.911334297 24.3655 45.9655 0.2567794 112.466
0.502215345 38.36902 259.637 0.2000854 137.9437
0.504455637 44.201 214.818 -0.1888028 171.5569
0.504956549 46.08499 321.849 -0.1762239 155.8709
0.399352291 22.349 170.707 0.227616 125.8009
0.504872909 105.306 351.917 -0.1368439 151.4433
0.602828267 16.925 73.5794 0.2334571 62.85374
0.504872435 122.856 207.746 -0.1722098 139.2236
0.504871202 33.31104 284.244 -0.1214465 93.13527
0.504877006 180.809 67.384 -0.2521439 63.20806
0.500449011 17.8583 82.03901 0.5372357 151.9377
0.478116085 25.10699 173.141 0.2033954 117.594
0.504877942 138.888 185.681 -0.1628783 131.8737
0.452168517 25.707 68.537 -0.1846485 141.7533
0.504873505 156 281.8201 -0.1758876 151.3967
0.412775798 34.30301 206.783 -0.1034661 134.9252
0.395032242 34.32605 171.247 0.07500613 118.6047
0.334994399 22.60699 117.62 0.2094875 122.9361
0.459720851 25.369 142.166 0.11085 110.8071
0.504871824 49.146 251.549 0.07581629 118.6706
0.502110898 46.70801 191.365 -0.1451879 135.2575
0.50487125 49.8774 67.3114 -0.2578213 167.0222
0.504864654 71.73199 346.349 0.1577482 161.0181
0.427322178 76.89197 296.744 0.11198 163.3939
0.44516927 23.8097 91.16711 0.1514069 141.1078
0.497719664 37.61899 132.101 0.2176478 136.1089
0.504283639 45.092 117.084 0.09934831 146.5296
0.504871902 109.99 190.29 -0.1693273 138.1112
0.504882118 38.28198 242.887 -0.1208774 97.63699
0.499956041 30.7987 165.7957 -0.1035064 149.5949
0.504881857 106.29 167.17 -0.134641 145.0135
0.504919088 52.30695 293.0349 0.1338096 113.051
0.394811177 23.7308 53.6121 0.305395 94.75029
0.467071962 19.9739 57.0782 -0.4755996 171.5816
0.504745621 27.76599 152.465 0.2293671 129.127
0.311258653 29.9562 64.4042 0.2543044 124.2051
0.504880306 74.909 208.183 0.2205167 143.6786
0.42330133 24.91002 131.839 -0.2385785 87.65301
0.639760155 19.4246 35.9836 0.3697 157.4008
0.504879871 106.74 398.08 -0.138049 156.9558
0.488461833 29.821 123.15 0.1844757 123.6283
0.504881889 97.68903 360.95 0.1555575 132.8789
0.504882158 17.112 109.585 0.2716893 54.95171
0.504393998 26.11902 197.747 0.09089488 99.59808
0.500397897 32.4713 131.9413 0.2582636 176.1904
0.45731589 22.33301 221.761 0.1637021 82.83543
0.504588848 36.72705 71.56702 -0.09036168 114.2074
0.504857751 53.828 81.07201 0.1654494 161.9849
1 21.3402 37.4932 -0.1022603 116.932
0.494393325 16.29401 177.313 0.3983032 143.7693
0.319965362 21.6376 69.6488 -0.3836176 105.745
0.391314683 0 100.8187 0.2214582 86.0737
0.444500877 18.1492 68.18719 0.1955655 82.78325
0.434053222 27.6956 174.1608 -0.2265463 97.09865
0.360618033 30.553 95.008 0.1190908 140.8991
0.504642105 52.54599 246.736 -0.1311882 165.3111
0.504695433 99.508 338.628 -0.1604604 174.1003
0.491365369 18.7806 100.6169 0.4026374 112.5072
0.438863452 27.41899 133.275 -0.3025037 124.8148
0.471985132 43.577 128.614 0.1329586 124.2023
0.496201846 30.6249 59.755 -0.1880309 114.8363
0.50248394 43.60199 180.443 0.1695853 158.3978
0.504963613 42.515 159.519 -0.2106954 171.0707
0.449925154 23.6516 53.1584 -0.1550621 122.7164
0.50488401 42.83899 276.185 -0.1199504 101.4301
0.504877638 16.62399 113.21 0.344045 41.42733
0.409520286 23.9673 90.63139 -0.1420023 150.2925
0.503571038 21.85901 172.168 0.05433154 99.69421
0.478079098 33.95999 88.384 0.1460668 103.5532
0.504872315 70.37 290.05 0.1256244 149.2158
0.50487111 28.914 270.675 0.2183382 164.2701
0.309536851 23.4067 65.02029 0.2249957 117.1984
0.264152475 26.965 102.892 0.1272692 116.119
0.504923026 52.04999 201.312 0.2950279 163.0478
0.419534202 23.2174 84.5849 -0.1373456 144.1016
0.50485909 101.461 294.658 0.252975 140.921
0.479579385 26.306 172.93 0.09262487 111.7903
0.423633081 25.3226 75.67661 -0.16334 113.8201
0.503975085 40.61801 94.908 -0.1255538 148.9329
0.504441575 16.35004 179.963 0.1255392 123.6283
0.388801438 26.33002 232.039 0.1241583 142.7036
0.504860099 63.40204 276.716 0.09033124 133.8457
0.504269379 59.42139 146.9474 0.1144856 141.6873
0.504695298 121.61 204.5499 -0.1518872 148.0842
0.325439175 19.45401 94.00101 0.1392679 154.7228
0.406128378 24.50702 115.348 0.3596335 144.6922
0.504633013 18.41299 178.501 0.2565252 97.83749
0.504865873 145.332 414.1619 0.1562697 155.8956
0.687816821 17.2788 57.273 0.4406188 84.5658
0.504855195 99.70996 233.0701 0.1522059 146.5901
0.328489272 34.888 125.068 0.1888176 138.4436
0.504764241 34.37097 194.474 -0.04834981 99.66949
0.50483991 45.52795 95.409 -0.2846162 134.7027
0.50282842 48.25601 189.859 -0.09197696 122.3923
0.484894515 38.20299 223.28 0.2073703 167.1952
0.504584678 20.72 204.158 0.1574541 107.1513
0.504871525 72.64102 268.716 0.1599026 157.4365
0.390263189 57.35399 177.414 -0.06453731 149.2103
0.417449964 32.63898 117.452 -0.1854753 137.7844
0.2356327 27.33501 174.465 -0.1306215 121.9336
0.489561963 35.04102 155.54 -0.1683567 143.0332
0.504758363 23.63701 193.925 0.4400012 160.455
0.504728989 34.30499 221.358 -0.06882647 113.4301
0.434666962 21.6736 71.4453 -0.1473746 114.7924
0.504827081 65.384 317.548 0.09021332 136.8808
0.504344382 57.34998 227.84 -0.1038831 126.8638
0.504848373 117.51 382.6801 0.1497757 141.2287
0.504816388 92.34399 320.221 0.2152784 146.4939
0.504445907 86.55698 365.215 0.07905033 160.3973
0.504601107 22.909 135.967 0.185846 137.0895
0.492376084 30.95401 163.073 -0.0435415 126.3584
0.504167262 105.65 311.76 -0.1343166 171.4003
0.387731748 20.6352 86.74421 0.326806 105.4566
0.381674721 28.46201 155.245 0.1664385 114.0261
0.295249548 25.3628 59.2445 0.1154464 132.4807
0.504821344 99.68994 303.4301 0.07385967 140.3799
0.499614023 22.278 64.11002 0.4106616 170.884
0.504851114 204.3501 423.3201 -0.1630056 179.9615
0.504815456 90.97009 314.5 -0.1578017 158.0627
0.488974885 27.74399 84.095 0.2395941 118.8437
0.42007622 22.677 114.946 0.2158772 142.8382
0.504768546 26.7601 96.3434 -0.2759216 175.5312
0.325649509 21.53989 46.5042 0.1363833 124.0018
0.104226432 21.9613 63.0069 -0.1649412 114.4134
0.41748093 16.01401 94.53 0.3071912 154.4756
0.462845454 23.2464 134.4314 -0.08532247 116.0037
0.504335198 37.828 108.095 0.166249 118.6267
0.344491117 23.42701 91.40501 0.150436 101.6663
0.4281316 20.4614 77.34241 -0.1471688 126.9764
0.444217988 20.267 86.72998 0.2266158 153.5253
0.499422122 18.2753 65.34991 -0.2628928 170.3786
0.471619261 20.0985 74.5526 0.2525166 92.47059
0.36491246 26.97089 144.9599 0.1343399 96.76357
0.454373146 39.05399 189.864 0.06257281 117.0227
0.468259769 24.8216 84.3707 0.1568939 131.5441
0.377291433 28.5961 78.5621 0.1292594 131.9258
0.330026485 28.825 80.82901 0.213882 134.3044
0.504745716 41.909 285.001 0.2563677 118.2147
0.504822408 90.50397 376.77 -0.1291064 170.2577
0.501670447 27.758 159.013 -0.2220539 154.6981
0.504848421 14.55901 138.262 -0.2038154 141.1792
0.504832089 92.32904 303.8541 -0.1095011 130.8162
0.429306738 31.24199 141.67 0.09420856 115.5972
0.50482412 139.054 86.91401 0.4843248 179.9506
0.388153895 31.2078 85.6038 -0.2628489 147.7766
0.504674807 29.65799 191.974 0.1853757 93.52804
0.447836814 25.2252 124.2602 0.1844605 139.8389
0.429029819 19.9448 96.4167 0.1241254 124.672
0.48193976 34.20299 183.981 -0.08729346 115.2209
0.504823636 202.91 297.71 -0.1873455 168.3433
0.248629721 20.3305 78.6095 -0.2407315 102.7924
0.442736249 20.823 64.8034 -0.3230112 118.1927
0.504679779 43.43399 169.542 0.1652693 102.5507
0.502158199 33.70799 159.288 -0.171305 125.084
0.352011996 32.68591 129.4456 0.2171189 140.1712
0.504806204 28.504 191.921 -0.1425023 131.6841
0.431876626 26.01701 92.31499 -0.1051555 115.8746
0.501765965 29.287 113.786 0.3535003 151.6164
0.504821115 204.61 464.47 -0.1722179 178.4399
0.386684991 31.211 126.767 0.07721712 139.4214
0.408614878 93.26605 373.811 0.137298 145.6974
0.504659894 0 104.605 -0.1261951 114.3722
0.504821367 114.3151 96.2331 0.1227686 115.4379
0.444249762 31.68701 135.619 0.2125349 138.9682
0.286465796 26.27499 88.561 -0.1649176 103.1769
0.461825144 20.7345 184.9743 0.2061463 155.5853
0.342868101 44.29698 133.897 -0.1932742 163.1357
0.499138096 23.849 126.3329 -0.1975251 90.86656
0.217769382 21.89491 59.5499 0.1370067 116.6656
0.551723217 22.4847 53.4739 0.2387993 145.6782
0.504746824 43.0256 137.8676 -0.1005575 167.6814
0.494854931 18.28899 78.745 -0.1762584 136.3479
0.504191008 57.4365 91.86851 -0.4489767 158.3429
0.50482304 53.87 262.302 0.2528285 172.4852
0.504499138 34.43001 108.817 -0.2289664 95.01671
0.504765714 19.1216 96.7625 0.1354859 74.47471
0.504420553 19.3147 102.8737 0.1255683 144.1648
0.504673398 32.81499 174.783 0.12879 145.7578
0.443659362 23.489 111.592 -0.1956666 103.2181
0.504808799 0 110.998 -0.2816702 121.453
0.429142334 22.507 91.89101 -0.1593993 116.2289
0.504817386 37.40399 269.456 -0.1693967 95.88739
0.409076784 27.9174 97.3164 -0.1757729 136.9165
0.504993926 17.5469 148.4407 0.2382336 104.2756
0.271191436 25.16401 119.79 -0.1816894 100.8396
0.482315435 19.45201 67.29399 0.1637499 107.6567
0.505087489 19.674 128.572 0.2492047 97.86771
0.504707587 25.65991 172.72 -0.1372497 87.03227
0.456019965 28.8472 98.3462 -0.228439 143.2694
0.504588392 71.64999 296.258 -0.1669045 157.247
0.504822876 165.14 216.39 -0.159619 155.0277
0.08526485 21.7664 60.8876 0.1053005 154.4948
0.504655908 26.332 296.139 0.2284246 92.62989
0.468718379 32.79399 77.396 -0.2555285 105.6022
0.465917548 37.82901 155.389 0.1988939 129.7121
0.504756631 35.405 221.702 -0.169982 141.7368
0.276341106 27.35199 253.116 0.2154405 144.9091
0.504660261 52.565 160.223 -0.1567147 134.9664
0.504871567 90.30701 291.918 0.2008873 152.5228
0.504806127 59.63 96.01001 -0.1520712 111.8947
0.504664854 68.78101 269.5731 0.111115 148.7956
0.409790478 25.22 79.384 -0.1563243 104.6381
0.489969275 67.26151 58.4721 -0.1671654 116.8139
0.501062804 22.58997 63.22998 0.2507879 158.3621
0.50466108 30.487 211.752 -0.1545974 118.4207
0.502438823 30.024 159.836 -0.1592907 116.4788
0.504784661 98.27502 309.268 -0.176025 170.5077
0.502345455 50.29199 188.393 0.1484948 134.7137
0.397777187 22.08099 168.4643 0.09296308 126.2678
0.504787479 25.035 66.53 0.2736613 176.1987
0.504634942 42.69 192.017 0.2390815 139.7372
0.5043126 292.3199 314.22 -0.274258 178.7695
0.487984231 23.974 68.142 0.2052769 123.2493
0.501889345 30.52899 119.018 0.2277142 116.2344
0.504784528 113.366 329.421 0.1225213 174.8995
0.504590009 61.142 283.886 -0.08306621 128.2124
0.446988373 33.86301 158.829 -0.0972748 162.1881
0.504667947 21.7073 107.084 0.1985082 113.4768
0.432710335 27.0972 96.9642 -0.2868049 162.6606
0.304578267 25.42299 70.873 0.4094712 154.547
0.45852516 17.37901 57.848 0.3295765 129.6791
0.490781683 22.0281 62.0861 -0.1826665 97.90616
0.504565047 60.09599 160.85 0.07052702 130.797
0.504806214 96.63989 209.5399 -0.1748647 160.4385
0.504746384 42.3999 81.19995 -0.1098231 139.0863
0.480290218 25.66 47.446 0.3460585 97.18379
0.50344551 24.9772 38.7218 -0.3870817 138.5974
0.498097525 33.12897 220.978 -0.2068371 154.5113
0.504864204 27.927 184.049 0.05466191 102.7814
0.497757739 29.6255 138.2565 0.1936998 157.7908
0.480809637 27.823 179.708 -0.2268872 92.93752
0.504785564 44.25806 61.82806 0.1711778 132.8377
0.49155194 21.85199 143.036 0.190562 95.13756
0.504800541 140.59 280.63 -0.1432023 153.7121
0.500151657 28.78705 198.368 0.1865477 94.61845
0.504790406 183.893 79.036 0.3173461 160.466
0.504640091 55.72003 296.83 0.1608764 135.0433
0.442601653 26.6758 59.8158 0.1820751 114.4573
0.504033806 46.673 141.854 -0.1496709 120.5493
0.504784812 49.92 167.798 0.1291856 169.225
0.436945488 37.93501 216.45 0.06702367 140.1904
0.460922928 28.90503 213.381 0.2904218 158.3511
0.504886674 61.28003 291.61 -0.1474847 166.7778
0.504786565 156.504 433.864 -0.1574729 157.2717
0.449576758 19.66219 54.5321 0.3618242 118.6239
0.434082749 23.86298 147.998 0.1300277 127.5312
0.504787061 147.3101 153.88 -0.1464991 153.5692
0.347941402 27.6377 79.6817 -0.1101904 135.1751
0.503939422 18.119 119.26 0.109356 145.0657
0.39531647 23.1935 104.5207 -0.2203965 84.85695
0.431784283 31.53099 136.774 0.1819011 132.2692
0.504677177 73.883 330.851 0.1769896 157.0217
0.504348745 30.9646 54.5215 -0.1349569 152.2728
0.50827592 21.2519 52.4504 0.1424833 105.9071
0.50478585 36.23602 237.856 0.2879654 177.4044
0.502250432 31.46002 203.518 0.1038972 101.7404
0.357444538 21.4825 92.3335 0.4138048 121.1591
0.502037813 39.89499 261.168 0.1531955 133.8952
0.449025637 24.839 123.19 0.3098395 142.4921
0.504648881 16.7085 81.7726 0.2366332 46.80522
0.487945148 28.6633 72.8815 -0.2797121 164.5969
0.480048203 39.85999 213.979 0.1426297 143.9808
0.411169701 30.07101 125.495 0.2747368 130.3026
0.483516273 54.54301 123.456 -0.1190399 114.9627
0.504081834 43.82898 252.926 -0.1284927 153.6544
0.504954901 28.64101 241.661 0.2929919 142.5827
0.371390749 23.13499 166.438 0.2010892 108.8762
0.504241203 119.593 391.181 -0.09720333 147.1202
0.504683268 91.12599 129.824 0.2146785 161.1582
0.479168709 39.15002 125.248 -0.103489 111.9304
0.504783122 138.049 268.369 0.1520632 130.0883
0.477902976 34.85095 171.757 -0.1391672 93.87686
0.502481539 25.6265 42.6395 0.2753488 158.6972
0.504775679 51.5196 71.6316 0.2066635 119.7968
0.502731993 26.218 117.793 0.1349615 117.6297
0.504587023 102.03 240.7301 -0.1826909 166.948
0.377951924 25.5565 81.7315 -0.1692282 125.0373
0.504784543 72.66998 180.559 -0.2030809 156.2417
0.288680579 24.2211 71.9763 -0.2000659 120.7663
0.504482245 26.80499 298.77 -0.1758182 152.314
0.291158449 24.5517 60.4127 0.1548768 122.461
0.503290546 42.61499 356.029 0.1372019 161.3367
0.504782182 240.42 282.5601 -0.1667603 172.7709
0.504456777 21.52002 181.29 0.229233 124.249
0.481523658 26.8008 84.7404 0.1863746 94.85466
0.503728332 24.82001 207.836 0.1831251 141.8631
0.504780226 38.729 317.276 0.1293597 138.8528
0.466573652 32.57079 86.7528 0.2242103 150.526
0.504420329 75.51105 241.442 -0.1912301 142.8492
0.504804433 21.42798 84.01898 -0.06266184 81.83017
0.371843006 24.7968 73.8892 0.2249815 165.7945
0.372328458 17.9255 95.8872 0.5603259 153.4676
0.50477915 122.59 263.98 -0.1681475 168.8267
0.504774454 99.353 176.428 0.1150006 134.3429
0.504820527 39.02197 144.097 -0.184705 94.71458
0.504776395 80.05994 132.65 -0.1434963 134.8592
0.347862426 20.9227 69.3467 -0.1873425 140.5393
0.487282313 24.25101 182.054 -0.2999628 87.4992
0.479005374 32.095 101.333 0.2599756 148.7187
0.504775843 59.60205 285.4681 0.1358177 108.607
0.198793677 38.539 155.605 0.2456374 139.3664
0.425360139 29.118 115.796 0.2048237 130.9316
0.398653902 29.1398 86.95151 0.0911006 149.0126
0.437773494 20.487 78.30899 0.2306612 132.8267
0.504773585 89.99103 183.0131 -0.2380415 154.5251
0.497032572 23.8629 48.4837 -0.337547 162.2596
0.336254847 21.9237 107.2204 -0.177156 121.7771
0.387561536 24.1073 74.8956 0.3037497 100.7352
0.388211323 26.94501 229.939 0.3270404 142.7695
0.475840634 22.4353 132.8433 -0.1558756 107.827
0.62320034 17.2281 52.0249 0.2610148 53.96567
0.493527951 109.531 361.185 -0.1131063 161.5619
0.504767549 85.68103 243.429 -0.1421576 123.0103
0.296820358 21.5279 106.4265 0.1014843 123.3838
0.400679782 56.09406 245.35 0.266767 132.8844
0.445400752 23.14801 164.425 0.04970033 103.946
0.504758707 38.86301 323.901 0.1086515 124.5841
0.441567477 28.52502 83.34601 0.2784006 115.2209
0.449561821 24.2878 101.1922 0.2672695 93.34402
0.499834001 32.354 76.737 -0.1740538 126.9929
0.470583353 28.136 69.621 0.1198415 123.7849
0.504758595 54.957 322.861 0.1735244 154.5251
0.504741551 73.16992 225.73 -0.1707696 157.4585
0.504167385 78.83502 306.773 0.2629607 167.1211
0.438685651 30.59009 73.65002 0.1899634 120.7855
0.44569343 18.5884 93.1144 -0.1896991 139.7922
0.390991233 0 102.355 -0.3835128 84.58503
0.504665073 41.12 167.855 -0.2111176 149.4877
0.437299244 32.46899 132.801 -0.138816 138.2101
0.504757745 118.061 155.772 -0.1332774 158.4143
0.462156421 29.17499 81.00201 -0.1729877 128.726
0.504576785 16.19 235.407 0.3163855 134.0957
0.504756851 71.966 88.133 0.3281029 118.7915
0.504876656 20.30902 168.362 0.279413 118.2477
0.504584886 34.2591 115.7921 -0.2322596 162.2843
0.417026445 25.7407 105.8587 0.2773348 138.7677
0.503742794 30.9777 43.50529 -0.267287 135.1147
0.504752522 63.50598 354.0569 -0.1710474 162.2898
0.476722137 31.0247 85.7067 -0.1060217 114.07
0.485122371 26.45721 128.4074 0.1294854 116.1273
0.499714488 30.13701 52.85701 -0.1620232 119.3243
0.495267593 18.26001 157.085 0.1545344 68.82765
0.504696666 25.26495 253.267 0.1069324 156.9393
0.499125998 37.964 114.749 0.1767645 129.55
0.501848445 30.371 159.875 0.1697675 129.8933
0.502066003 21.0001 100.9523 -0.2958312 132.0055
0.504267966 74.95499 313.334 -0.1249237 158.3291
0.651917044 21.1013 34.7748 0.2233496 64.44129
0.455404803 26.5196 89.48389 -0.2641241 169.1261
0.361267535 25.6977 79.3167 -0.2001011 116.8441
0.450198155 30.53699 133.14 0.2240771 141.3275
0.502091508 25.048 47.854 0.3641378 151.7125
0.504657345 21.65802 207.021 0.1397804 89.69375
-1 17.552 57.38 0.2356248 57.96201
-1 14.766 23.576 0.5648642 113.0291
-0.939676351 18.95 18.464 0.3708471 155.9313
-0.566095434 17.457 30.912 -0.1850146 55.50652
-1 17.5075 18.1265 0.3184513 118.2751
-1 22.71698 34.04498 0.5442541 133.203
-1 18.357 38.38 0.1744659 64.95491
-1 16.0039 32.4589 -0.7076907 8.388189
-1 13.751 28.98299 0.4483072 88.93019
-1 18.205 39.358 0.4379394 145.236
-1 17.944 66.845 0.5359261 153.149
-1 17.9173 32.7293 0.3772986 139.078
-1 17.765 13.799 -0.09485 59.21447